# CH distance in Angstrom, OH distance in Angstrom, potential energy in Hartree
0.8  0.8  -113.421295213598
0.8  0.9  -113.488697693573
0.8  1.0  -113.536932955350
0.8  1.1  -113.580963263335
0.8  1.2  nan
0.8  1.3  -113.665425982714
0.8  1.4  -113.701388642555
0.8  1.5  -113.730275216936
0.8  1.6  -113.750752055801
0.8  1.7  -113.761715387844
0.8  1.8  -113.761903579035
0.8  1.9  -113.749920829022
0.8  2.0  -113.725205582586
0.8  2.1  -113.689583974595
0.8  2.2  -113.647245099572
0.8  2.3  -113.603123207628
0.8  2.4  -113.562248274474
0.8  2.5  -113.529398091167
0.8  2.6  -113.505694781675
0.8  2.7  -113.488671898760
0.8  2.8  -113.475972883685
0.9  0.8  -113.519377729565
0.9  0.9  -113.576154142555
0.9  1.0  -113.612197803517
0.9  1.1  -113.644490116989
0.9  1.2  -113.679374359837
0.9  1.3  nan
0.9  1.4  -113.750878196778
0.9  1.5  -113.781280343825
0.9  1.6  -113.805360085538
0.9  1.7  -113.821952164019
0.9  1.8  -113.830017768765
0.9  1.9  -113.828277586265
0.9  2.0  -113.815240451710
0.9  2.1  -113.790134061180
0.9  2.2  -113.754516449130
0.9  2.3  -113.712376450446
0.9  2.4  -113.668586557917
0.9  2.5  -113.628164020101
0.9  2.6  -113.595771798222
0.9  2.7  -113.572388601167
0.9  2.8  -113.555593262829
1.0  0.8  -113.583432001466
1.0  0.9  -113.630396743015
1.0  1.0  -113.654993014030
1.0  1.1  -113.675090295532
1.0  1.2  -113.699722720500
1.0  1.3  nan
1.0  1.4  nan
1.0  1.5  -113.793112472212
1.0  1.6  -113.819341507487
1.0  1.7  -113.839729204834
1.0  1.8  -113.853308485334
1.0  1.9  -113.859102720072
1.0  2.0  -113.855821925673
1.0  2.1  -113.841893828882
1.0  2.2  -113.816387942396
1.0  2.3  -113.780669923658
1.0  2.4  -113.738614340274
1.0  2.5  -113.695055702779
1.0  2.6  -113.655012954467
1.0  2.7  -113.623058063204
1.0  2.8  -113.600014950805
1.1  0.8  -113.628818752080
1.1  0.9  -113.667343530087
1.1  1.0  -113.681780258458
1.1  1.1  -113.690013979926
1.1  1.2  -113.702926738437
1.1  1.3  -113.724885029501
1.1  1.4  nan
1.1  1.5  -113.782940945037
1.1  1.6  -113.810235546930
1.1  1.7  -113.833134988097
1.1  1.8  -113.850552581632
1.1  1.9  -113.861693828215
1.1  2.0  -113.865639957518
1.1  2.1  -113.861086992885
1.1  2.2  -113.846392268060
1.1  2.3  -113.820490870294
1.1  2.4  -113.784610784309
1.1  2.5  -113.742554344264
1.1  2.6  -113.699146636318
1.1  2.7  -113.659426217801
1.1  2.8  -113.627874220188
1.2  0.8  -113.663504578075
1.2  0.9  -113.695459799250
1.2  1.0  -113.701572730404
1.2  1.1  -113.699273773153
1.2  1.2  -113.699921068328
1.2  1.3  -113.711086252117
1.2  1.4  -113.733331228444
1.2  1.5  nan
1.2  1.6  -113.788399027903
1.2  1.7  -113.812902266688
1.2  1.8  -113.833005974359
1.2  1.9  -113.847941755654
1.2  2.0  -113.857049836627
1.2  2.1  -113.859453126400
1.2  2.2  -113.853835211592
1.2  2.3  -113.838483668182
1.2  2.4  -113.812204459431
1.2  2.5  -113.776112526801
1.2  2.6  -113.733978224396
1.2  2.7  -113.690645967622
1.2  2.8  -113.651186195887
1.3  0.8  -113.691201555995
1.3  0.9  -113.718738866920
1.3  1.0  -113.718752780021
1.3  1.1  -113.708104445103
1.3  1.2  -113.697556941693
1.3  1.3  -113.696006523238
1.3  1.4  -113.709178049865
1.3  1.5  nan
1.3  1.6  nan
1.3  1.7  -113.785454757824
1.3  1.8  -113.807457415096
1.3  1.9  -113.825125662090
1.3  2.0  -113.837929951843
1.3  2.1  -113.845308246559
1.3  2.2  -113.846413275629
1.3  2.3  -113.839912744579
1.3  2.4  -113.824016037277
1.3  2.5  -113.797387639578
1.3  2.6  -113.761040606174
1.3  2.7  -113.718751357781
1.3  2.8  -113.675414873142
1.4  0.8  -113.713304468517
1.4  0.9  -113.738581357775
1.4  1.0  -113.734830673372
1.4  1.1  -113.718436501518
1.4  1.2  -113.699267760403
1.4  1.3  -113.685278959939
1.4  1.4  -113.685628763837
1.4  1.5  -113.703270189859
1.4  1.6  nan
1.4  1.7  nan
1.4  1.8  -113.777985571679
1.4  1.9  -113.797670474780
1.4  2.0  -113.813170678412
1.4  2.1  -113.824119110911
1.4  2.2  -113.830018860430
1.4  2.3  -113.830041308388
1.4  2.4  -113.822831630630
1.4  2.5  -113.806507743151
1.4  2.6  -113.779568858079
1.4  2.7  -113.742926916422
1.4  2.8  -113.700403151869
1.5  0.8  -113.730081177486
1.5  0.9  -113.755048604668
1.5  1.0  -113.749697620725
1.5  1.1  -113.730118027118
1.5  1.2  -113.705471417162
1.5  1.3  -113.682176399276
1.5  1.4  -113.667812822073
1.5  1.5  -113.674250611053
1.5  1.6  -113.696749093186
1.5  1.7  nan
1.5  1.8  nan
1.5  1.9  -113.768220759848
1.5  2.0  -113.785738139907
1.5  2.1  -113.799296239398
1.5  2.2  -113.808626621955
1.5  2.3  -113.813272316186
1.5  2.4  -113.812410406880
1.5  2.5  -113.804659505424
1.5  2.6  -113.788032077858
1.5  2.7  -113.760832328386
1.5  2.8  -113.723863168066
1.6  0.8  -113.741360054515
1.6  0.9  -113.767658073360
1.6  1.0  -113.762528256652
1.6  1.1  -113.741960018170
1.6  1.2  -113.714710584119
1.6  1.3  -113.686167214350
1.6  1.4  -113.661001911845
1.6  1.5  -113.649388024338
1.6  1.6  -113.665536825332
1.6  1.7  -113.690845578929
1.6  1.8  nan
1.6  1.9  nan
1.6  2.0  -113.757387480786
1.6  2.1  -113.772893831868
1.6  2.2  -113.784720476235
1.6  2.3  -113.792650738549
1.6  2.4  -113.796243892145
1.6  2.5  -113.794679363252
1.6  2.6  -113.786545855865
1.6  2.7  -113.769741447113
1.6  2.8  -113.742343921046
1.7  0.8  -113.746886370524
1.7  0.9  -113.775824437470
1.7  1.0  -113.772353356089
1.7  1.1  -113.752505705763
1.7  1.2  -113.724896360854
1.7  1.3  -113.694419967009
1.7  1.4  -113.664310050045
1.7  1.5  -113.638190332646
1.7  1.6  -113.636263031474
1.7  1.7  -113.660037381826
1.7  1.8  -113.685548656049
1.7  1.9  nan
1.7  2.0  nan
1.7  2.1  -113.746128050896
1.7  2.2  -113.759797894452
1.7  2.3  -113.770095249248
1.7  2.4  -113.776822540671
1.7  2.5  -113.779544108574
1.7  2.6  -113.777437807692
1.7  2.7  -113.769066532370
1.7  2.8  -113.752211749794
1.8  0.8  -113.746494182579
1.8  0.9  -113.779060901894
1.8  1.0  -113.778341768017
1.8  1.1  -113.760472525973
1.8  1.2  -113.734090069596
1.8  1.3  -113.703944160552
1.8  1.4  -113.672765487189
1.8  1.5  -113.642379526683
1.8  1.6  -113.615272048583
1.8  1.7  -113.630765459575
1.8  1.8  -113.656436352595
1.8  1.9  -113.680473376541
1.8  2.0  nan
1.8  2.1  nan
1.8  2.2  -113.734769816475
1.8  2.3  -113.746790023334
1.8  2.4  -113.755748831431
1.8  2.5  -113.761449295031
1.8  2.6  -113.763455200695
1.8  2.7  -113.760945292510
1.8  2.8  -113.752464824708
1.9  0.8  -113.740202883590
1.9  0.9  -113.777056649008
1.9  1.0  -113.779887117931
1.9  1.1  -113.764904312517
1.9  1.2  -113.740826602584
1.9  1.3  -113.712428329549
1.9  1.4  -113.682349298536
1.9  1.5  -113.652052032777
1.9  1.6  -113.622411114934
1.9  1.7  -113.594330259032
1.9  1.8  -113.628962659546
1.9  1.9  -113.653464842589
1.9  2.0  -113.675286703101
1.9  2.1  nan
1.9  2.2  nan
1.9  2.3  -113.723485938047
1.9  2.4  -113.734043988306
1.9  2.5  -113.741838655864
1.9  2.6  -113.746665525572
1.9  2.7  -113.748087805071
1.9  2.8  -113.745290635341
2.0  0.8  -113.728308386260
2.0  0.9  -113.769724196017
2.0  1.0  -113.776614746338
2.0  1.1  -113.765156443218
2.0  1.2  -113.744121591011
2.0  1.3  -113.718350812138
2.0  1.4  -113.690529245679
2.0  1.5  -113.662122754487
2.0  1.6  -113.633918171501
2.0  1.7  -113.606346816607
2.0  1.8  -113.579663133530
2.0  1.9  -113.628165035514
2.0  2.0  -113.650382649546
2.0  2.1  -113.669811279300
2.0  2.2  nan
2.0  2.3  nan
2.0  2.4  -113.712379638376
2.0  2.5  -113.721653352682
2.0  2.6  -113.728439125727
2.0  2.7  -113.732523789944
2.0  2.8  -113.733473191825
2.1  0.8  -113.711478677379
2.1  0.9  -113.757267570523
2.1  1.0  -113.768395956757
2.1  1.1  -113.760845476599
2.1  1.2  -113.743352425450
2.1  1.3  -113.720786229755
2.1  1.4  -113.695882531310
2.1  1.5  -113.670162485620
2.1  1.6  -113.644469926769
2.1  1.7  -113.619295501077
2.1  1.8  -113.594954635878
2.1  1.9  -113.571669948565
2.1  2.0  -113.549603589216
2.1  2.1  -113.646866970675
2.1  2.2  -113.664002103337
2.1  2.3  nan
2.1  2.4  nan
2.1  2.5  -113.701521646758
2.1  2.6  -113.709673207980
2.1  2.7  -113.715585841148
2.1  2.8  -113.719040376953
2.2  0.8  -113.690792289023
2.2  0.9  -113.740261171122
2.2  1.0  -113.755403252682
2.2  1.1  -113.751842709811
2.2  1.2  -113.738161056345
2.2  1.3  -113.719177709495
2.2  1.4  -113.697625106676
2.2  1.5  -113.675040113243
2.2  1.6  -113.652286745246
2.2  1.7  -113.629872634395
2.2  1.8  -113.608122611248
2.2  1.9  -113.587258693440
2.2  2.0  -113.567433724147
2.2  2.1  -113.548752925382
2.2  2.2  -113.642838071568
2.2  2.3  -113.657895491811
2.2  2.4  nan
2.2  2.5  nan
2.2  2.6  -113.690964245784
2.2  2.7  -113.698137575373
2.2  2.8  -113.703294909127
2.3  0.8  -113.667638734247
2.3  0.9  -113.719671880295
2.3  1.0  -113.738176726925
2.3  1.1  -113.738326273941
2.3  1.2  -113.728440449271
2.3  1.3  -113.713208202772
2.3  1.4  -113.695291062580
2.3  1.5  -113.676173265171
2.3  1.6  -113.656667605572
2.3  1.7  -113.637236608168
2.3  1.8  -113.618179445172
2.3  1.9  -113.599716720602
2.3  2.0  -113.582015630100
2.3  2.1  -113.565199453046
2.3  2.2  -113.623195619855
2.3  2.3  -113.638337982917
2.3  2.4  -113.651565532173
2.3  2.5  nan
2.3  2.6  nan
2.3  2.7  nan
2.3  2.8  -113.687066210753
2.4  0.8  -113.643477496184
2.4  0.9  -113.696759224528
2.4  1.0  -113.717625667919
2.4  1.1  -113.720839871237
2.4  1.2  -113.714394950325
2.4  1.3  -113.702796748529
2.4  1.4  -113.688599394780
2.4  1.5  -113.673185136834
2.4  1.6  -113.657231802069
2.4  1.7  -113.641061129745
2.4  1.8  -113.624886341520
2.4  1.9  -113.608913739616
2.4  2.0  -113.593340516090
2.4  2.1  -113.578333005533
2.4  2.2  -113.564020767770
2.4  2.3  -113.550511770490
2.4  2.4  -113.633458038890
2.4  2.5  -113.645096272007
2.4  2.6  nan
2.4  2.7  nan
2.4  2.8  nan
2.5  0.8  -113.619556106900
2.5  0.9  -113.672868156987
2.5  1.0  -113.694918860110
2.5  1.1  -113.700273508821
2.5  1.2  -113.696598477577
2.5  1.3  -113.688183642270
2.5  1.4  -113.677481556550
2.5  1.5  -113.665801359235
2.5  1.6  -113.653658926367
2.5  1.7  -113.641105023567
2.5  1.8  -113.628129475679
2.5  1.9  -113.614864337872
2.5  2.0  -113.601537720686
2.5  2.1  -113.588383062517
2.5  2.2  -113.575594566223
2.5  2.3  -113.561843881121
2.5  2.4  -113.542165866396
2.5  2.5  -113.628300615544
2.5  2.6  -113.638565232168
2.5  2.7  nan
2.5  2.8  nan
2.6  0.8  -113.596715729637
2.6  0.9  -113.649177924182
2.6  1.0  -113.671297318251
2.6  1.1  -113.677736815668
2.6  1.2  -113.675952608501
2.6  1.3  -113.669996948074
2.6  1.4  -113.662215266829
2.6  1.5  -113.653927896238
2.6  1.6  -113.645628776343
2.6  1.7  -113.637059137156
2.6  1.8  -113.627739221191
2.6  1.9  -113.617551213148
2.6  2.0  -113.606715997674
2.6  2.1  -113.595556632114
2.6  2.2  -113.584366903763
2.6  2.3  -113.573375894786
2.6  2.4  -113.562755985643
2.6  2.5  -113.552639706024
2.6  2.6  -113.622961281237
2.6  2.7  -113.632038434541
2.6  2.8  -113.639953792591
2.7  0.8  -113.575385993736
2.7  0.9  -113.626510823985
2.7  1.0  -113.647862163055
2.7  1.1  -113.654381749081
2.7  1.2  -113.653535426792
2.7  1.3  -113.649180832722
2.7  1.4  -113.643512117737
2.7  1.5  -113.637869652598
2.7  1.6  -113.632949733491
2.7  1.7  -113.628500762713
2.7  1.8  -113.623390443540
2.7  1.9  -113.616837407697
2.7  2.0  -113.608898257503
2.7  2.1  -113.599991146664
2.7  2.2  -113.590555185275
2.7  2.3  -113.580939832490
2.7  2.4  -113.571400701963
2.7  2.5  -113.562124423324
2.7  2.6  -113.553258283467
2.7  2.7  -113.533540277855
2.7  2.8  -113.625569600532
2.8  0.8  nan
2.8  0.9  -113.605305719670
2.8  1.0  -113.625402779229
2.8  1.1  -113.631228384944
2.8  1.2  -113.630427733880
2.8  1.3  -113.626808292206
2.8  1.4  -113.622397794071
2.8  1.5  -113.618465233960
2.8  1.6  -113.615914279564
2.8  1.7  -113.615032102011
2.8  1.8  -113.614528927375
2.8  1.9  -113.612384559548
2.8  2.0  -113.607967327670
2.8  2.1  -113.601723827110
2.8  2.2  -113.594296395786
2.8  2.3  -113.586214522584
2.8  2.4  -113.577861539473
2.8  2.5  -113.569505484640
2.8  2.6  -113.561338356983
2.8  2.7  -113.553507237746
2.8  2.8  -113.612051893032
