<simulation>
   <prng>
      <seed>846295</seed>
      <state shape='(624)'>
       [ 2182477588, 3801581268, 1676410618, 3483761140, 4120837521, 
         2241282228, 3493305196, 1334004540, 621891038, 2723740213, 
         1906349092, 2022670562, 959949631, 681958397, 3330893028, 
         1857244756, 2667188157, 797465334, 1334309219, 575173956, 
         4040083336, 3774876324, 1747361981, 2456168858, 3484453293, 
         1347995921, 1016774353, 1269904746, 1589927424, 1348270761, 
         1603075840, 2936859564, 1817954281, 3642793717, 3653126128, 
         701265265, 1431942587, 542594792, 3476253869, 657682749, 
         2441960714, 2420573825, 887251022, 2005355112, 3063359257, 
         2989210265, 4020050643, 1242107472, 3470370289, 36105563, 
         2055529695, 415743846, 2223267900, 1811764600, 4199233125, 
         442825840, 2470530534, 3329825427, 507666280, 1944915718, 
         600130547, 2998465834, 322362758, 2187909096, 1071494642, 
         1198408759, 1320402972, 1858599369, 3485007124, 2198548720, 
         4055219091, 884389839, 1499079141, 2797473497, 1149503646, 
         2562954025, 3310887838, 361701374, 2265821069, 1582442815, 
         360125077, 3516550184, 347258401, 3077101580, 2430643359, 
         2252751273, 4154409177, 2683228259, 2278773591, 909309567, 
         182530985, 658306572, 3325956179, 2189505151, 328844572, 
         3519718129, 1256309891, 3950902650, 3330668102, 3631301030, 
         3671751114, 64322123, 178265901, 2966306583, 1969944574, 
         2715036577, 3145633456, 4260091979, 4073201755, 643412416, 
         3839093822, 1807059801, 2755725150, 4017425413, 1283400727, 
         2475167081, 4113251666, 124879244, 2300982163, 1055880740, 
         2639485015, 2177533348, 686308800, 3571236511, 1187416830, 
         1954698670, 2833595254, 2814238230, 3513510892, 821869069, 
         4134668212, 1196011860, 790473220, 1957058477, 1835313292, 
         267999536, 1389264198, 2869986596, 3725666129, 2216734679, 
         1686606634, 3942427390, 3652859982, 437119009, 2080092437, 
         3099069394, 2563425255, 4239310643, 970480784, 4111932261, 
         551578584, 1243584110, 3852499670, 3968170700, 3455648959, 
         2075327594, 1823576892, 2996813971, 540756467, 3692741239, 
         1908019987, 606591209, 249697405, 3135842730, 768734633, 
         83930645, 478142534, 2339999173, 1219449149, 979178884, 
         1491491145, 3462030812, 439809357, 1208958293, 800614991, 
         1810512678, 2202134007, 717251169, 304154905, 680048174, 
         1487986975, 4096779234, 442186361, 1582938519, 1442814250, 
         832090982, 1180630925, 954874226, 2942151283, 1644457681, 
         1750976093, 703465902, 4259033133, 1154240276, 3909604618, 
         1338266847, 3746006921, 1773459776, 3899236558, 4221535506, 
         1261198720, 2285367642, 2010168460, 3301945492, 532207958, 
         1497931242, 3203670613, 2525145364, 2092510098, 651174794, 
         2420960316, 2874151567, 2373787272, 2078524470, 587102300, 
         3102028581, 1818105029, 3476984265, 2167342478, 3743899296, 
         174101382, 1437603564, 2730704389, 2755819676, 2392899850, 
         1326082328, 782690609, 3671819446, 259150017, 142379915, 
         3860235619, 2848623718, 557868368, 988391676, 3693102953, 
         2654464969, 4151483047, 3174453152, 1204202428, 1510861577, 
         994911430, 233344456, 3821407801, 3769022089, 408483766, 
         1701690829, 73787101, 1775090452, 4203502048, 3024661431, 
         2262018348, 1926442208, 2260234675, 3560699962, 3659594589, 
         1032510162, 3315460692, 3012151714, 681082361, 235647750, 
         3404409419, 1275435501, 1961296696, 431059415, 675935114, 
         3526441847, 1933566483, 2517554847, 368820052, 3447439638, 
         110224743, 3627707663, 3915723260, 538086482, 3783857662, 
         3401236804, 2323567832, 2223113176, 2623536730, 3832036644, 
         3393485153, 2689132747, 4020832804, 1114911228, 2348306084, 
         3560715008, 2455250773, 3931427307, 4180462949, 502014257, 
         2515262535, 1738350784, 45486952, 3521047292, 2846363245, 
         4100740418, 2565854821, 1223729937, 3182155473, 3966649759, 
         4256522263, 1914130731, 2173632945, 3806058315, 2744393550, 
         2961932690, 1950115243, 529369881, 3145420040, 1788537316, 
         2754698649, 3713305674, 3369512972, 4139434577, 3485396927, 
         2297566250, 682243087, 669724768, 1282559374, 2932859291, 
         327318840, 3608604362, 871155759, 4180577498, 994287133, 
         4104831077, 3110293219, 3414302561, 1171841637, 1745999891, 
         369360745, 940249885, 4215261114, 2379527974, 2682915912, 
         802380518, 2499374805, 84903939, 1439827603, 383253238, 
         2391794920, 465857470, 15767644, 436548321, 4142155765, 
         662144078, 1370817861, 180005228, 3639646176, 3114869410, 
         4005081739, 3237744442, 475129012, 997409820, 1654188121, 
         140555184, 3786230225, 3718291345, 1088129188, 2314456479, 
         1130733153, 2502142908, 1526718811, 3635527996, 3489868806, 
         3746850742, 590260714, 247325763, 1246731873, 2370582217, 
         789100109, 10591317, 3385034772, 1248146625, 1262399523, 
         2733185892, 1485483833, 1939384681, 3679299093, 3037192832, 
         609477195, 1079011531, 1312218054, 1897973134, 3557509792, 
         1405129729, 1347292400, 3394810159, 666970148, 679046565, 
         3899286543, 1134364583, 1940721124, 3420214887, 1391359239, 
         1885523301, 3386447241, 2051899608, 3877312321, 4139748559, 
         3174716039, 2779035983, 521471079, 3637572459, 1167656883, 
         1691374657, 4256693965, 1774938086, 2117891283, 4270245603, 
         1950874032, 118436332, 2032781026, 1496889070, 3339066930, 
         1205406998, 3508030607, 1524144551, 4055486247, 2409695601, 
         2791237555, 1485157055, 619196418, 448571696, 747090706, 
         4040308281, 4181923302, 2561518669, 4025852925, 4045849590, 
         1578689432, 3623913301, 1063290536, 2360616121, 507718421, 
         2204591600, 215927263, 4288661738, 2618098087, 3765640890, 
         3445870537, 3814651863, 1221223260, 3424105965, 4152433746, 
         4227984109, 3630511868, 1611731833, 3358655369, 3631011889, 
         1777225403, 3076368890, 3087574374, 1887470956, 1590441666, 
         866085759, 341118403, 3554277459, 3593534142, 162010504, 
         4202462967, 1670050695, 3706144069, 1030345904, 554407011, 
         2920529560, 798418523, 2665916736, 4216760872, 2446205218, 
         114565065, 365586076, 210304079, 950268129, 3770416115, 
         438815402, 2337206908, 2875064314, 3138049280, 3550845638, 
         2266042019, 3251382256, 3590689326, 307699080, 2225332585, 
         4127796344, 272434233, 1755739462, 2046419575, 1606030652, 
         547739932, 2585561815, 1712985849, 1891156289, 1884968324, 
         2523294749, 136588744, 645360200, 2715021391, 2736851119, 
         4270698574, 195140189, 2725642273, 3246914647, 2114854483, 
         2143392168, 2771064078, 3002515776, 4279847914, 170662709, 
         3575208305, 1438399735, 3995942159, 3356732108, 2330564918, 
         2556198913, 77389096, 1718867493, 3171945813, 3159379839, 
         3709493871, 1012722681, 2875445162, 978508141, 89862257, 
         2410174907, 3821734843, 3646672829, 673473544, 494023744, 
         438833060, 61056489, 4030588339, 2848987897, 933026241, 
         351859304, 2695163268, 1035626479, 1584340929, 3048746835, 
         3180504549, 4281475172, 2382541203, 2821043452, 3507107220, 
         508005174, 3869235811, 1284824738, 2561689930, 3431203017, 
         3466510896, 2714675698, 3035170987, 1454448896, 3985474829, 
         3121386185, 3925896629, 2337306036, 1144260405, 2528513897, 
         3201604053, 764099627, 869730051, 368716994, 1805933598, 
         1052474632, 3595256266, 980562615, 3481246757, 4079363154, 
         142282455, 3330897010, 3170972954, 2263034292, 4060622008, 
         278305838, 2704788864, 3947205348, 3533542279, 1980304644, 
         1187925230, 3264769992, 4187296501, 677913866, 2101765885, 
         1800789970, 432110858, 3669482227, 3086555639, 1636957220, 
         1132281880, 585669447, 3378616339, 2626023861, 100060333, 
         1465405818, 2778553905, 1466037601, 3280381091, 956446624, 
         2130129800, 557570418, 4155896815, 3559284248, 2521083470, 
         2565563443, 1239118933, 732334443, 3937292902, 3352780835, 
         3369874293, 3695334840, 300640291, 3220191028, 4287732361, 
         639860119, 447428466, 4133022286, 2325698571, 2770265968, 
         384992241, 3671824528, 4075699435, 3369332227 ]
      </state>
      <set_pos>572</set_pos>
   </prng>
   <output prefix='simu_outcav'>
      <properties shape='(6)'>
       [ step, time{picosecond}, conserved{electronvolt}, temperature{kelvin}, kinetic_cv{electronvolt}, 
         potential{electronvolt} ]
      </properties>
      <trajectory filename='xc'>x_centroid{angstrom}</trajectory>
      <checkpoint filename='checkpoint'>142</checkpoint>
   </output>
   <step>141</step>
   <total_steps>200</total_steps>
   <ffcavph name='psi4' pbc='False'>
      <input_xyz_filename>ts_opt_incav_6e-3.xyz</input_xyz_filename>
      <grad_method>hf/6-31g*</grad_method>
      <output_file>OUT_1.dat</output_file>
      <memory_usage>4 gb</memory_usage>
   </ffcavph>
   <system>
      <forces>
         <force forcefield='psi4'>
         </force>
      </forces>
      <ensemble>
         <temperature>  9.50044560e-04</temperature>
         <eens>  2.23823235e-03</eens>
         <hamiltonian_weights shape='(1)'> [   1.00000000e+00 ] </hamiltonian_weights>
         <time>  2.91456680e+03</time>
      </ensemble>
      <motion mode='dynamics'>
         <dynamics mode='nvt'>
            <thermostat mode='langevin'>
               <ethermo>  1.63242993e-01</ethermo>
               <tau>  4.13413730e+03</tau>
            </thermostat>
            <timestep>  2.06706865e+01</timestep>
            <nmts shape='(1)'> [ 1 ] </nmts>
         </dynamics>
      </motion>
      <beads natoms='6' nbeads='1'>
         <q shape='(1, 18)'>
          [  -5.20722058e-01,   1.47672576e-02,  -2.04918296e-01,   1.60162322e+00,   3.26624534e-01, 
             -7.14418703e-02,  -1.37385277e+00,  -3.94983956e-01,  -1.82000258e+00,  -1.11899929e+00, 
              8.38801690e-02,   1.94894567e+00,   6.52230936e+01,  -3.90811272e-01,   8.62533354e+00, 
             -2.99199134e+00,   4.27488963e+00,   8.31032248e+00 ]
         </q>
         <p shape='(1, 18)'>
          [  -2.05670988e+01,  -3.01088392e+00,  -2.81409973e+00,   1.01165970e+01,  -6.86641538e-01, 
              4.11651911e+00,   5.58086725e+00,   1.64212957e+00,   3.72086110e+00,   5.06736967e+00, 
              2.10655958e+00,  -5.04301038e+00,  -2.04631293e-01,  -3.01452199e-03,   2.89420075e-02, 
              6.89610600e-03,  -4.81491704e-02,  -9.21209555e-03 ]
         </p>
         <m shape='(6)'>
          [   2.18941669e+04,   2.91651223e+04,   1.83736223e+03,   1.83736223e+03,   1.00000000e+00, 
              1.00000000e+00 ]
         </m>
         <names shape='(6)'>
          [ C, O, H, H, L, 
            L ]
         </names>
      </beads>
      <cell shape='(3, 3)'>
       [   4.59052264e+02,   0.00000000e+00,   0.00000000e+00,   0.00000000e+00,   4.59052264e+02, 
           0.00000000e+00,   0.00000000e+00,   0.00000000e+00,   4.59052264e+02 ]
      </cell>
   </system>
</simulation>
