<simulation verbosity='high'>
   <total_steps>5000</total_steps>
   <output prefix='tut1'>
      <properties filename='md' shape='(6)'>
       [ step, time{picosecond}, conserved{kelvin}, temperature{kelvin}, potential{kelvin}, 
         kinetic_cv{kelvin} ]
      </properties>
      <properties filename='force' stride='20' shape='(1)'> [ atom_f{piconewton}(atom=0;bead=0) ] </properties>
      <trajectory format='pdb' filename='pos' stride='100' cell_units='angstrom'>positions{angstrom}</trajectory>
      <checkpoint stride='1000' filename='checkpoint'>0</checkpoint>
   </output>
   <prng>
      <set_pos>132</set_pos>
      <state shape='(624)'>
       [ 3000382983, 75696523, 117676429, 2022860488, 707156227, 
         3065735544, 2089431387, 3165470930, 134435490, 1102870046, 
         3131722002, 2990215365, 1427114956, 2956440465, 2089202960, 
         3014727028, 3981497753, 4075444131, 2281076155, 2909515101, 
         601309573, 658178097, 1483501285, 772094225, 3195224508, 
         3779375654, 1700782657, 625120088, 3426637142, 1686078711, 
         2767438135, 3133174294, 3237237360, 528374128, 1716498087, 
         2617941162, 3231213889, 1681271312, 2310030681, 4170740099, 
         3524912003, 781277657, 414271146, 2612531151, 2974838647, 
         1277544309, 4029133780, 3366483795, 4288808445, 1865733076, 
         3015697998, 1451778569, 386800129, 101611847, 205775615, 
         2087118048, 1413223747, 129763472, 2733405626, 2750901859, 
         2627092515, 2038858861, 649250071, 2914907728, 3780122896, 
         1340918075, 265152099, 2158382781, 305396385, 3922416939, 
         958009980, 193602161, 3752328118, 3270317404, 2055921986, 
         2856037653, 2090535890, 2573267699, 3388361485, 2593583707, 
         877374573, 2062347729, 1214459056, 2251300443, 43349796, 
         2200874630, 155344622, 1566910397, 161236824, 2973551964, 
         3481016732, 665696307, 2468037733, 1739544624, 2763341715, 
         3910582242, 3490517574, 2397904705, 2609184117, 3099110146, 
         573284010, 1543682059, 3604740569, 1154465281, 2443019056, 
         1652716361, 1272830023, 2763804958, 1397871886, 221991936, 
         2667790650, 2359629451, 2035924108, 3852277279, 3891046948, 
         466863098, 2201713860, 4084373415, 3824406522, 3251074440, 
         3268048982, 459523636, 2805980729, 3898617965, 1647366171, 
         4203040938, 230674617, 674265546, 3068487056, 1746106322, 
         3213398751, 209517501, 66072413, 2537077216, 2245758557, 
         178288847, 2799627889, 3192487736, 613921878, 4015388540, 
         162131576, 724739114, 3770073153, 2196031305, 4109337827, 
         3467116935, 4223983133, 3576414786, 1675155666, 1906764400, 
         4167021115, 3188982957, 3328308977, 2985642569, 1905734114, 
         2704219454, 2783996701, 2073123966, 2735641092, 540794891, 
         2492544207, 1005196237, 1123409299, 835141120, 720997554, 
         822210313, 3759403946, 3796015360, 2872486322, 3772008567, 
         457229418, 4265877691, 3213791749, 2416849733, 3276816808, 
         784459902, 4162084596, 2307656008, 276039200, 24321664, 
         2421086698, 2159224148, 1866905984, 3121051366, 2182293726, 
         2979818463, 1410108408, 1719709341, 720756612, 692149846, 
         3532866638, 4139825502, 2811023827, 3132478672, 2017381142, 
         2373666962, 3079031695, 805851192, 1553268630, 885664528, 
         1437490653, 171725644, 4250300502, 2901979282, 2921685553, 
         3537447192, 112386254, 1070074493, 633144840, 1800299995, 
         3286936336, 267360714, 1295688017, 4025743037, 1505725090, 
         2154296139, 3136896531, 1667005451, 3841482059, 830346295, 
         3484404953, 4202547713, 3750768800, 51201920, 1987056636, 
         3230973018, 87969125, 4174060253, 865046576, 159982208, 
         3470707609, 3806320570, 413164109, 504562849, 477363971, 
         962556653, 4116127607, 4226030043, 1307532190, 620136151, 
         876749244, 1114839036, 1961306352, 3236655828, 1394565114, 
         1984061219, 1359961402, 873230289, 909866402, 1787446926, 
         4232293017, 286134739, 2206301634, 2309056990, 2427034672, 
         3114298084, 1994098865, 939472518, 15488470, 409143863, 
         2223643303, 3532728435, 3303666447, 1238904169, 4101809875, 
         227420456, 1851650839, 2369208822, 1777279884, 1050804832, 
         2590811598, 2187153818, 268526383, 969183603, 2930951571, 
         188236664, 776853285, 1716963288, 597949125, 1063085007, 
         429657902, 2726153421, 953794898, 3397750051, 1085779839, 
         1995999279, 707677085, 3111949703, 4131588772, 3534771903, 
         2723139031, 1861483195, 2352926612, 3110082363, 3461047765, 
         3604834382, 1222178227, 255604114, 3935655434, 1681745421, 
         818868430, 2515701888, 3631815072, 1880374772, 306078484, 
         3647764672, 144473291, 1104155719, 4000786592, 873613160, 
         1170969552, 775674092, 1607085199, 1572749850, 788687368, 
         3796262353, 1252555720, 3335512619, 3916799735, 3684132808, 
         2390132812, 2389003789, 1302921401, 4051264584, 3264967576, 
         4263253843, 322423733, 2192055468, 4003472494, 3548089192, 
         526310248, 3874921430, 2931013058, 2722605829, 3611231046, 
         521244784, 2907806149, 2744153141, 3920571614, 171510015, 
         3511449318, 1755697086, 869486091, 4098121930, 2043474528, 
         1260628342, 2687655935, 916831815, 4263591549, 1799680318, 
         3749560069, 2867058792, 3342315043, 2784806571, 1747394011, 
         3672808795, 3779293639, 1904844686, 3019611368, 1874284273, 
         3987550420, 3513389337, 3448396548, 3836431364, 3781679588, 
         3266911387, 2919516944, 4227887984, 1124348440, 3538574900, 
         1393950425, 1786107392, 2329694781, 3615062838, 3951048140, 
         3063343020, 1009966089, 3570559255, 3647777825, 1916003263, 
         589855598, 2389666424, 3369908638, 1218535529, 3211408760, 
         501967973, 1995558298, 840488352, 3307072130, 4217282231, 
         125140590, 2552507678, 3423749517, 1759080801, 3781060098, 
         2274148672, 2833732757, 859847161, 124457533, 3086358881, 
         1172171750, 341218416, 2360796020, 2197577328, 1297936414, 
         4162546017, 4009096111, 3171455051, 2867032198, 1178505917, 
         541723191, 554882020, 4248820169, 2817217675, 3801585728, 
         586468922, 3585327390, 3134805768, 1517683454, 2445893641, 
         136840898, 746445656, 415161019, 3436326596, 724033927, 
         2386096602, 1898769463, 3974375207, 4280725298, 1514041781, 
         1089316468, 511519006, 2527652819, 3402854454, 4189018753, 
         562225389, 2557660070, 1418734125, 7015139, 137488129, 
         2801162265, 745150683, 4189368126, 718973439, 4149310397, 
         3365437097, 645965104, 19728351, 1894324445, 1263265444, 
         144100170, 3619588746, 339868946, 3288039559, 1616561662, 
         2759550748, 1325681487, 2781911241, 4239760480, 1153291053, 
         3047144398, 3616149454, 1934711951, 2309910866, 3907077794, 
         89339736, 1623830952, 1270275090, 3174733057, 228409970, 
         3694539294, 1292670089, 2265333882, 2090940685, 1886042394, 
         3888434842, 3740031014, 1821069090, 3709021836, 2676773111, 
         2226330943, 588732539, 1492725917, 1190644840, 3718285532, 
         1672508222, 2694314284, 2054724432, 1519269980, 3398503507, 
         1853530878, 3392066522, 3930165869, 959853615, 2637172002, 
         1301590108, 1469826636, 3712005597, 2048242930, 2177023890, 
         4197582560, 3889346075, 829302508, 1806523655, 1339107825, 
         2799201797, 908659302, 964608791, 4273587293, 942810753, 
         946526623, 3048503700, 470970479, 2685439283, 172405227, 
         1595150238, 4168274576, 2838722142, 1197518397, 1715426740, 
         2549931805, 2715522079, 859991907, 232297425, 1802371147, 
         2645258114, 1059832959, 1132676198, 4061784994, 2796013119, 
         2150843883, 2836710491, 3640468504, 3218971575, 4238386537, 
         4265921278, 1369673036, 1022371138, 3946045661, 2431245731, 
         524185158, 527001749, 2168504888, 3764697777, 952702904, 
         2469820835, 1605664485, 1809255970, 4052786060, 3162653833, 
         3780208719, 3588441047, 1700008365, 138680341, 996609587, 
         223782003, 344481975, 407981492, 2757822503, 3546632401, 
         954440656, 2182737954, 1046030250, 56837327, 1466819592, 
         2437684170, 3743723012, 2689587159, 2523202305, 4122774821, 
         220045130, 870605478, 2862710374, 1809198565, 2651538227, 
         2206865948, 3355007717, 2993974508, 232762082, 771376844, 
         2311689929, 1779075108, 2904593062, 2762771458, 265046737, 
         3938419826, 1668789960, 1120025945, 4000926837, 2150642427, 
         3478377005, 363749030, 1621773542, 1015086428, 1898269408, 
         372882164, 3187474768, 30343823, 3523100242, 907536537, 
         3775386902, 2740957972, 2767633865, 3167831987, 3463289571, 
         677755617, 1183337958, 1189987854, 1158294111, 656737825, 
         4285393329, 1180654545, 3857048396, 7360050, 2996408364, 
         3382743220, 3194091785, 1214649363, 901455170, 68402463, 
         3779527175, 1808063885, 2540037616, 1753546569 ]
      </state>
      <seed>12345</seed>
   </prng>
   <ffsocket name='driver'>
      <port>31415</port>
   </ffsocket>
   <system>
      <cell shape='(3, 3)'>
       [   3.37259417e+01,   2.06511833e-15,   2.06511833e-15,   0.00000000e+00,   3.37259417e+01, 
           2.06511833e-15,   0.00000000e+00,   0.00000000e+00,   3.37259417e+01 ]
      </cell>
      <motion mode='dynamics'>
         <dynamics mode='nvt'>
            <timestep>  4.13413730e+01</timestep>
            <nmts shape='(1)'> [ 1 ] </nmts>
            <thermostat mode='pile_g'>
               <tau>  1.03353433e+03</tau>
            </thermostat>
         </dynamics>
      </motion>
      <beads natoms='108' nbeads='4'>
         <q shape='(4, 324)'>
          [   2.77789737e-01,   2.49443845e-01,   2.15428775e-01,  -2.36215763e-01,   5.56146391e+00, 
              6.02444681e+00,   5.74854680e+00,   5.55012556e+00,   2.02200693e-01,   5.62382487e+00, 
             -2.79679463e-01,   5.59358926e+00,  -4.32747277e-01,  -5.66917830e-02,   1.11928477e+01, 
              1.77634253e-01,   5.66728857e+00,   1.68469082e+01,   5.58225090e+00,   5.47075706e+00, 
              1.11682813e+01,   5.46508788e+00,  -2.92907546e-01,   1.67618705e+01,  -9.07068528e-02, 
              1.64406171e-01,   2.24896303e+01,   3.21253437e-02,   5.56902282e+00,   2.82608538e+01, 
              5.62949405e+00,   5.64839131e+00,   2.24404974e+01,   5.62382487e+00,   2.15428775e-01, 
              2.79566079e+01,  -1.00155483e-01,   1.10586771e+01,  -3.11804807e-01,   1.13383566e-02, 
              1.67391938e+01,   5.74476734e+00,   5.74665707e+00,   1.69149383e+01,  -1.81413706e-01, 
              5.68240638e+00,   1.11096997e+01,   5.43485226e+00,   1.07714388e-01,   1.11682813e+01, 
              1.14063867e+01,  -1.83303432e-01,   1.67562013e+01,   1.66371486e+01,   5.35170432e+00, 
              1.65653390e+01,   1.08073436e+01,   5.94885776e+00,   1.12552087e+01,   1.69395048e+01, 
              5.85815091e-02,   1.12892237e+01,   2.25482118e+01,   2.34326036e-01,   1.69546226e+01, 
              2.78224374e+01,   5.66539885e+00,   1.67448630e+01,   2.25860063e+01,   5.61437624e+00, 
              1.12306422e+01,   2.81833751e+01,   1.70075349e-02,   2.22420762e+01,   1.68185623e-01, 
              2.83458915e-02,   2.82155004e+01,   5.65406049e+00,   5.52555912e+00,   2.81361319e+01, 
              1.17163018e-01,   5.35170432e+00,   2.25217557e+01,   5.97531393e+00,  -1.83303432e-01, 
              2.24593947e+01,   1.15367778e+01,   3.19363711e-01,   2.78375552e+01,   1.67977753e+01, 
              5.43674199e+00,   2.78734600e+01,   1.11890682e+01,   5.81657694e+00,   2.27485228e+01, 
              1.68865924e+01,   3.59047959e-02,   2.26975002e+01,   2.24593947e+01,   2.62671928e-01, 
              2.80586531e+01,   2.80454251e+01,   5.48776459e+00,   2.80340867e+01,   2.27145077e+01, 
              5.82602557e+00,   2.27012796e+01,   2.82362874e+01,   1.14177251e+01,   9.63760311e-02, 
             -2.30546584e-01,   1.11701710e+01,   5.58792008e+00,   5.31202007e+00,   1.69111589e+01, 
              5.87893790e+00,   2.45664393e-02,   1.69905274e+01,  -1.88972610e-02,   5.27989472e+00, 
              1.14536299e+01,   7.93684962e-02,   1.13723717e+01,   1.16331539e+01,   5.67295775e+00, 
              1.64557349e+01,   1.68601363e+01,   5.79956940e+00,   1.11663915e+01,   1.69848582e+01, 
              2.49443845e-01,   1.70188733e+01,   1.11796196e+01,   2.96686998e-01,   2.25557707e+01, 
              1.13591436e+01,   5.36871185e+00,   2.81739264e+01,   1.69584020e+01,   5.65028104e+00, 
              2.24990789e+01,   1.69054897e+01,  -2.26767132e-02,   2.78961367e+01,   1.10945819e+01, 
              1.10662360e+01,  -2.24877406e-01,   1.16482717e+01,   1.67108479e+01,   5.70130364e+00, 
              1.73722520e+01,   1.65577801e+01,   1.43619184e-01,   1.66938404e+01,   1.12722162e+01, 
              5.35737349e+00,   1.13137902e+01,   1.13440258e+01,   1.12268628e+01,   1.12948929e+01, 
              1.69584020e+01,   1.67032890e+01,   1.70547781e+01,   1.67165171e+01,   1.13799306e+01, 
              1.67202965e+01,   1.07601004e+01,   1.72777657e+01,   1.11947374e+01,   1.13988278e+01, 
              2.24216002e+01,   1.13742614e+01,   1.66806123e+01,   2.80926682e+01,   1.66957301e+01, 
              1.71511541e+01,   2.25652194e+01,   1.68015548e+01,   1.14120559e+01,   2.81474703e+01, 
              1.10662360e+01,   2.26729337e+01,   1.98421241e-01,   1.10133237e+01,   2.79358209e+01, 
              5.48587487e+00,   1.68979308e+01,   2.81550292e+01,  -7.93684962e-02,   1.68752541e+01, 
              2.26124625e+01,   5.69752419e+00,   1.14763066e+01,   2.24216002e+01,   1.11720607e+01, 
              1.13969381e+01,   2.81399114e+01,   1.69678507e+01,   1.69546226e+01,   2.80775504e+01, 
              1.11172586e+01,   1.69262767e+01,   2.23649084e+01,   1.69451739e+01,   1.12741059e+01, 
              2.24537255e+01,   2.27598611e+01,   1.12382011e+01,   2.77884223e+01,   2.79188134e+01, 
              1.67732089e+01,   2.80681018e+01,   2.25841166e+01,   1.69924171e+01,   2.25198659e+01, 
              2.82117209e+01,   2.25746680e+01,   1.66295897e-01,  -5.29123308e-02,   2.23535700e+01, 
              5.82224611e+00,   5.89027625e+00,   2.83534504e+01,   5.73153926e+00,  -1.51178088e-02, 
              2.80208586e+01,   2.26767132e-01,   5.72398036e+00,   2.24990789e+01,   3.21253437e-02, 
              1.13289080e+01,   2.24367180e+01,   5.51044131e+00,   1.70377705e+01,   2.81701470e+01, 
              5.78634132e+00,   1.12627676e+01,   2.82476257e+01,  -2.30546584e-01,   1.67505322e+01, 
              2.24291591e+01,  -2.22987680e-01,   2.25444324e+01,   2.25482118e+01,   5.41028582e+00, 
              2.83062073e+01,   2.80340867e+01,   5.62382487e+00,   2.27107283e+01,   2.80662120e+01, 
             -4.11960290e-01,   2.79358209e+01,   2.24726228e+01,   1.13194593e+01,   1.09604114e-01, 
              2.23290036e+01,   1.64103815e+01,   5.54823583e+00,   2.82665230e+01,   1.67732089e+01, 
             -1.03934936e-01,   2.80435353e+01,   1.14536299e+01,   5.51044131e+00,   2.25085276e+01, 
              1.12835545e+01,   1.08205716e+01,   2.25274248e+01,   1.69073794e+01,   1.68469082e+01, 
              2.84063627e+01,   1.69546226e+01,   1.10189929e+01,   2.77770839e+01,   1.11285970e+01, 
              1.68771438e+01,   2.22326276e+01,   1.10435593e+01,   2.23856954e+01,   2.26445879e+01, 
              1.65445520e+01,   2.82192799e+01,   2.80435353e+01,   1.68676952e+01,   2.25765577e+01, 
              2.83005381e+01,   1.07941155e+01,   2.79131442e+01,   2.23441214e+01,   2.24329385e+01, 
             -1.32280827e-02,   2.24764022e+01,   2.80435353e+01,   5.23643102e+00,   2.84195908e+01, 
              2.82098312e+01,   3.96842481e-02,   2.81115655e+01,   2.23951440e+01,   5.49910295e+00, 
              2.22704221e+01,   2.25519913e+01,   1.14725272e+01,   2.25576605e+01,   2.77430689e+01, 
              1.68733643e+01,   2.82230593e+01,   2.81606983e+01,   1.10983614e+01,   2.81229038e+01, 
              2.25708885e+01,   1.70207630e+01,   2.25652194e+01,   2.25935653e+01,   2.24442769e+01, 
              2.22817604e+01,   2.81569189e+01,   2.82608538e+01,   2.80397559e+01,   2.82457360e+01, 
              2.23573495e+01,   2.81399114e+01,   2.26861618e+01,   2.84403778e+01,   2.77789737e-01, 
              2.49443845e-01,   2.15428775e-01,  -2.36215763e-01,   5.56146391e+00,   6.02444681e+00, 
              5.74854680e+00,   5.55012556e+00,   2.02200693e-01,   5.62382487e+00,  -2.79679463e-01, 
              5.59358926e+00,  -4.32747277e-01,  -5.66917830e-02,   1.11928477e+01,   1.77634253e-01, 
              5.66728857e+00,   1.68469082e+01,   5.58225090e+00,   5.47075706e+00,   1.11682813e+01, 
              5.46508788e+00,  -2.92907546e-01,   1.67618705e+01,  -9.07068528e-02,   1.64406171e-01, 
              2.24896303e+01,   3.21253437e-02,   5.56902282e+00,   2.82608538e+01,   5.62949405e+00, 
              5.64839131e+00,   2.24404974e+01,   5.62382487e+00,   2.15428775e-01,   2.79566079e+01, 
             -1.00155483e-01,   1.10586771e+01,  -3.11804807e-01,   1.13383566e-02,   1.67391938e+01, 
              5.74476734e+00,   5.74665707e+00,   1.69149383e+01,  -1.81413706e-01,   5.68240638e+00, 
              1.11096997e+01,   5.43485226e+00,   1.07714388e-01,   1.11682813e+01,   1.14063867e+01, 
             -1.83303432e-01,   1.67562013e+01,   1.66371486e+01,   5.35170432e+00,   1.65653390e+01, 
              1.08073436e+01,   5.94885776e+00,   1.12552087e+01,   1.69395048e+01,   5.85815091e-02, 
              1.12892237e+01,   2.25482118e+01,   2.34326036e-01,   1.69546226e+01,   2.78224374e+01, 
              5.66539885e+00,   1.67448630e+01,   2.25860063e+01,   5.61437624e+00,   1.12306422e+01, 
              2.81833751e+01,   1.70075349e-02,   2.22420762e+01,   1.68185623e-01,   2.83458915e-02, 
              2.82155004e+01,   5.65406049e+00,   5.52555912e+00,   2.81361319e+01,   1.17163018e-01, 
              5.35170432e+00,   2.25217557e+01,   5.97531393e+00,  -1.83303432e-01,   2.24593947e+01, 
              1.15367778e+01,   3.19363711e-01,   2.78375552e+01,   1.67977753e+01,   5.43674199e+00, 
              2.78734600e+01,   1.11890682e+01,   5.81657694e+00,   2.27485228e+01,   1.68865924e+01, 
              3.59047959e-02,   2.26975002e+01,   2.24593947e+01,   2.62671928e-01,   2.80586531e+01, 
              2.80454251e+01,   5.48776459e+00,   2.80340867e+01,   2.27145077e+01,   5.82602557e+00, 
              2.27012796e+01,   2.82362874e+01,   1.14177251e+01,   9.63760311e-02,  -2.30546584e-01, 
              1.11701710e+01,   5.58792008e+00,   5.31202007e+00,   1.69111589e+01,   5.87893790e+00, 
              2.45664393e-02,   1.69905274e+01,  -1.88972610e-02,   5.27989472e+00,   1.14536299e+01, 
              7.93684962e-02,   1.13723717e+01,   1.16331539e+01,   5.67295775e+00,   1.64557349e+01, 
              1.68601363e+01,   5.79956940e+00,   1.11663915e+01,   1.69848582e+01,   2.49443845e-01, 
              1.70188733e+01,   1.11796196e+01,   2.96686998e-01,   2.25557707e+01,   1.13591436e+01, 
              5.36871185e+00,   2.81739264e+01,   1.69584020e+01,   5.65028104e+00,   2.24990789e+01, 
              1.69054897e+01,  -2.26767132e-02,   2.78961367e+01,   1.10945819e+01,   1.10662360e+01, 
             -2.24877406e-01,   1.16482717e+01,   1.67108479e+01,   5.70130364e+00,   1.73722520e+01, 
              1.65577801e+01,   1.43619184e-01,   1.66938404e+01,   1.12722162e+01,   5.35737349e+00, 
              1.13137902e+01,   1.13440258e+01,   1.12268628e+01,   1.12948929e+01,   1.69584020e+01, 
              1.67032890e+01,   1.70547781e+01,   1.67165171e+01,   1.13799306e+01,   1.67202965e+01, 
              1.07601004e+01,   1.72777657e+01,   1.11947374e+01,   1.13988278e+01,   2.24216002e+01, 
              1.13742614e+01,   1.66806123e+01,   2.80926682e+01,   1.66957301e+01,   1.71511541e+01, 
              2.25652194e+01,   1.68015548e+01,   1.14120559e+01,   2.81474703e+01,   1.10662360e+01, 
              2.26729337e+01,   1.98421241e-01,   1.10133237e+01,   2.79358209e+01,   5.48587487e+00, 
              1.68979308e+01,   2.81550292e+01,  -7.93684962e-02,   1.68752541e+01,   2.26124625e+01, 
              5.69752419e+00,   1.14763066e+01,   2.24216002e+01,   1.11720607e+01,   1.13969381e+01, 
              2.81399114e+01,   1.69678507e+01,   1.69546226e+01,   2.80775504e+01,   1.11172586e+01, 
              1.69262767e+01,   2.23649084e+01,   1.69451739e+01,   1.12741059e+01,   2.24537255e+01, 
              2.27598611e+01,   1.12382011e+01,   2.77884223e+01,   2.79188134e+01,   1.67732089e+01, 
              2.80681018e+01,   2.25841166e+01,   1.69924171e+01,   2.25198659e+01,   2.82117209e+01, 
              2.25746680e+01,   1.66295897e-01,  -5.29123308e-02,   2.23535700e+01,   5.82224611e+00, 
              5.89027625e+00,   2.83534504e+01,   5.73153926e+00,  -1.51178088e-02,   2.80208586e+01, 
              2.26767132e-01,   5.72398036e+00,   2.24990789e+01,   3.21253437e-02,   1.13289080e+01, 
              2.24367180e+01,   5.51044131e+00,   1.70377705e+01,   2.81701470e+01,   5.78634132e+00, 
              1.12627676e+01,   2.82476257e+01,  -2.30546584e-01,   1.67505322e+01,   2.24291591e+01, 
             -2.22987680e-01,   2.25444324e+01,   2.25482118e+01,   5.41028582e+00,   2.83062073e+01, 
              2.80340867e+01,   5.62382487e+00,   2.27107283e+01,   2.80662120e+01,  -4.11960290e-01, 
              2.79358209e+01,   2.24726228e+01,   1.13194593e+01,   1.09604114e-01,   2.23290036e+01, 
              1.64103815e+01,   5.54823583e+00,   2.82665230e+01,   1.67732089e+01,  -1.03934936e-01, 
              2.80435353e+01,   1.14536299e+01,   5.51044131e+00,   2.25085276e+01,   1.12835545e+01, 
              1.08205716e+01,   2.25274248e+01,   1.69073794e+01,   1.68469082e+01,   2.84063627e+01, 
              1.69546226e+01,   1.10189929e+01,   2.77770839e+01,   1.11285970e+01,   1.68771438e+01, 
              2.22326276e+01,   1.10435593e+01,   2.23856954e+01,   2.26445879e+01,   1.65445520e+01, 
              2.82192799e+01,   2.80435353e+01,   1.68676952e+01,   2.25765577e+01,   2.83005381e+01, 
              1.07941155e+01,   2.79131442e+01,   2.23441214e+01,   2.24329385e+01,  -1.32280827e-02, 
              2.24764022e+01,   2.80435353e+01,   5.23643102e+00,   2.84195908e+01,   2.82098312e+01, 
              3.96842481e-02,   2.81115655e+01,   2.23951440e+01,   5.49910295e+00,   2.22704221e+01, 
              2.25519913e+01,   1.14725272e+01,   2.25576605e+01,   2.77430689e+01,   1.68733643e+01, 
              2.82230593e+01,   2.81606983e+01,   1.10983614e+01,   2.81229038e+01,   2.25708885e+01, 
              1.70207630e+01,   2.25652194e+01,   2.25935653e+01,   2.24442769e+01,   2.22817604e+01, 
              2.81569189e+01,   2.82608538e+01,   2.80397559e+01,   2.82457360e+01,   2.23573495e+01, 
              2.81399114e+01,   2.26861618e+01,   2.84403778e+01,   2.77789737e-01,   2.49443845e-01, 
              2.15428775e-01,  -2.36215763e-01,   5.56146391e+00,   6.02444681e+00,   5.74854680e+00, 
              5.55012556e+00,   2.02200693e-01,   5.62382487e+00,  -2.79679463e-01,   5.59358926e+00, 
             -4.32747277e-01,  -5.66917830e-02,   1.11928477e+01,   1.77634253e-01,   5.66728857e+00, 
              1.68469082e+01,   5.58225090e+00,   5.47075706e+00,   1.11682813e+01,   5.46508788e+00, 
             -2.92907546e-01,   1.67618705e+01,  -9.07068528e-02,   1.64406171e-01,   2.24896303e+01, 
              3.21253437e-02,   5.56902282e+00,   2.82608538e+01,   5.62949405e+00,   5.64839131e+00, 
              2.24404974e+01,   5.62382487e+00,   2.15428775e-01,   2.79566079e+01,  -1.00155483e-01, 
              1.10586771e+01,  -3.11804807e-01,   1.13383566e-02,   1.67391938e+01,   5.74476734e+00, 
              5.74665707e+00,   1.69149383e+01,  -1.81413706e-01,   5.68240638e+00,   1.11096997e+01, 
              5.43485226e+00,   1.07714388e-01,   1.11682813e+01,   1.14063867e+01,  -1.83303432e-01, 
              1.67562013e+01,   1.66371486e+01,   5.35170432e+00,   1.65653390e+01,   1.08073436e+01, 
              5.94885776e+00,   1.12552087e+01,   1.69395048e+01,   5.85815091e-02,   1.12892237e+01, 
              2.25482118e+01,   2.34326036e-01,   1.69546226e+01,   2.78224374e+01,   5.66539885e+00, 
              1.67448630e+01,   2.25860063e+01,   5.61437624e+00,   1.12306422e+01,   2.81833751e+01, 
              1.70075349e-02,   2.22420762e+01,   1.68185623e-01,   2.83458915e-02,   2.82155004e+01, 
              5.65406049e+00,   5.52555912e+00,   2.81361319e+01,   1.17163018e-01,   5.35170432e+00, 
              2.25217557e+01,   5.97531393e+00,  -1.83303432e-01,   2.24593947e+01,   1.15367778e+01, 
              3.19363711e-01,   2.78375552e+01,   1.67977753e+01,   5.43674199e+00,   2.78734600e+01, 
              1.11890682e+01,   5.81657694e+00,   2.27485228e+01,   1.68865924e+01,   3.59047959e-02, 
              2.26975002e+01,   2.24593947e+01,   2.62671928e-01,   2.80586531e+01,   2.80454251e+01, 
              5.48776459e+00,   2.80340867e+01,   2.27145077e+01,   5.82602557e+00,   2.27012796e+01, 
              2.82362874e+01,   1.14177251e+01,   9.63760311e-02,  -2.30546584e-01,   1.11701710e+01, 
              5.58792008e+00,   5.31202007e+00,   1.69111589e+01,   5.87893790e+00,   2.45664393e-02, 
              1.69905274e+01,  -1.88972610e-02,   5.27989472e+00,   1.14536299e+01,   7.93684962e-02, 
              1.13723717e+01,   1.16331539e+01,   5.67295775e+00,   1.64557349e+01,   1.68601363e+01, 
              5.79956940e+00,   1.11663915e+01,   1.69848582e+01,   2.49443845e-01,   1.70188733e+01, 
              1.11796196e+01,   2.96686998e-01,   2.25557707e+01,   1.13591436e+01,   5.36871185e+00, 
              2.81739264e+01,   1.69584020e+01,   5.65028104e+00,   2.24990789e+01,   1.69054897e+01, 
             -2.26767132e-02,   2.78961367e+01,   1.10945819e+01,   1.10662360e+01,  -2.24877406e-01, 
              1.16482717e+01,   1.67108479e+01,   5.70130364e+00,   1.73722520e+01,   1.65577801e+01, 
              1.43619184e-01,   1.66938404e+01,   1.12722162e+01,   5.35737349e+00,   1.13137902e+01, 
              1.13440258e+01,   1.12268628e+01,   1.12948929e+01,   1.69584020e+01,   1.67032890e+01, 
              1.70547781e+01,   1.67165171e+01,   1.13799306e+01,   1.67202965e+01,   1.07601004e+01, 
              1.72777657e+01,   1.11947374e+01,   1.13988278e+01,   2.24216002e+01,   1.13742614e+01, 
              1.66806123e+01,   2.80926682e+01,   1.66957301e+01,   1.71511541e+01,   2.25652194e+01, 
              1.68015548e+01,   1.14120559e+01,   2.81474703e+01,   1.10662360e+01,   2.26729337e+01, 
              1.98421241e-01,   1.10133237e+01,   2.79358209e+01,   5.48587487e+00,   1.68979308e+01, 
              2.81550292e+01,  -7.93684962e-02,   1.68752541e+01,   2.26124625e+01,   5.69752419e+00, 
              1.14763066e+01,   2.24216002e+01,   1.11720607e+01,   1.13969381e+01,   2.81399114e+01, 
              1.69678507e+01,   1.69546226e+01,   2.80775504e+01,   1.11172586e+01,   1.69262767e+01, 
              2.23649084e+01,   1.69451739e+01,   1.12741059e+01,   2.24537255e+01,   2.27598611e+01, 
              1.12382011e+01,   2.77884223e+01,   2.79188134e+01,   1.67732089e+01,   2.80681018e+01, 
              2.25841166e+01,   1.69924171e+01,   2.25198659e+01,   2.82117209e+01,   2.25746680e+01, 
              1.66295897e-01,  -5.29123308e-02,   2.23535700e+01,   5.82224611e+00,   5.89027625e+00, 
              2.83534504e+01,   5.73153926e+00,  -1.51178088e-02,   2.80208586e+01,   2.26767132e-01, 
              5.72398036e+00,   2.24990789e+01,   3.21253437e-02,   1.13289080e+01,   2.24367180e+01, 
              5.51044131e+00,   1.70377705e+01,   2.81701470e+01,   5.78634132e+00,   1.12627676e+01, 
              2.82476257e+01,  -2.30546584e-01,   1.67505322e+01,   2.24291591e+01,  -2.22987680e-01, 
              2.25444324e+01,   2.25482118e+01,   5.41028582e+00,   2.83062073e+01,   2.80340867e+01, 
              5.62382487e+00,   2.27107283e+01,   2.80662120e+01,  -4.11960290e-01,   2.79358209e+01, 
              2.24726228e+01,   1.13194593e+01,   1.09604114e-01,   2.23290036e+01,   1.64103815e+01, 
              5.54823583e+00,   2.82665230e+01,   1.67732089e+01,  -1.03934936e-01,   2.80435353e+01, 
              1.14536299e+01,   5.51044131e+00,   2.25085276e+01,   1.12835545e+01,   1.08205716e+01, 
              2.25274248e+01,   1.69073794e+01,   1.68469082e+01,   2.84063627e+01,   1.69546226e+01, 
              1.10189929e+01,   2.77770839e+01,   1.11285970e+01,   1.68771438e+01,   2.22326276e+01, 
              1.10435593e+01,   2.23856954e+01,   2.26445879e+01,   1.65445520e+01,   2.82192799e+01, 
              2.80435353e+01,   1.68676952e+01,   2.25765577e+01,   2.83005381e+01,   1.07941155e+01, 
              2.79131442e+01,   2.23441214e+01,   2.24329385e+01,  -1.32280827e-02,   2.24764022e+01, 
              2.80435353e+01,   5.23643102e+00,   2.84195908e+01,   2.82098312e+01,   3.96842481e-02, 
              2.81115655e+01,   2.23951440e+01,   5.49910295e+00,   2.22704221e+01,   2.25519913e+01, 
              1.14725272e+01,   2.25576605e+01,   2.77430689e+01,   1.68733643e+01,   2.82230593e+01, 
              2.81606983e+01,   1.10983614e+01,   2.81229038e+01,   2.25708885e+01,   1.70207630e+01, 
              2.25652194e+01,   2.25935653e+01,   2.24442769e+01,   2.22817604e+01,   2.81569189e+01, 
              2.82608538e+01,   2.80397559e+01,   2.82457360e+01,   2.23573495e+01,   2.81399114e+01, 
              2.26861618e+01,   2.84403778e+01,   2.77789737e-01,   2.49443845e-01,   2.15428775e-01, 
             -2.36215763e-01,   5.56146391e+00,   6.02444681e+00,   5.74854680e+00,   5.55012556e+00, 
              2.02200693e-01,   5.62382487e+00,  -2.79679463e-01,   5.59358926e+00,  -4.32747277e-01, 
             -5.66917830e-02,   1.11928477e+01,   1.77634253e-01,   5.66728857e+00,   1.68469082e+01, 
              5.58225090e+00,   5.47075706e+00,   1.11682813e+01,   5.46508788e+00,  -2.92907546e-01, 
              1.67618705e+01,  -9.07068528e-02,   1.64406171e-01,   2.24896303e+01,   3.21253437e-02, 
              5.56902282e+00,   2.82608538e+01,   5.62949405e+00,   5.64839131e+00,   2.24404974e+01, 
              5.62382487e+00,   2.15428775e-01,   2.79566079e+01,  -1.00155483e-01,   1.10586771e+01, 
             -3.11804807e-01,   1.13383566e-02,   1.67391938e+01,   5.74476734e+00,   5.74665707e+00, 
              1.69149383e+01,  -1.81413706e-01,   5.68240638e+00,   1.11096997e+01,   5.43485226e+00, 
              1.07714388e-01,   1.11682813e+01,   1.14063867e+01,  -1.83303432e-01,   1.67562013e+01, 
              1.66371486e+01,   5.35170432e+00,   1.65653390e+01,   1.08073436e+01,   5.94885776e+00, 
              1.12552087e+01,   1.69395048e+01,   5.85815091e-02,   1.12892237e+01,   2.25482118e+01, 
              2.34326036e-01,   1.69546226e+01,   2.78224374e+01,   5.66539885e+00,   1.67448630e+01, 
              2.25860063e+01,   5.61437624e+00,   1.12306422e+01,   2.81833751e+01,   1.70075349e-02, 
              2.22420762e+01,   1.68185623e-01,   2.83458915e-02,   2.82155004e+01,   5.65406049e+00, 
              5.52555912e+00,   2.81361319e+01,   1.17163018e-01,   5.35170432e+00,   2.25217557e+01, 
              5.97531393e+00,  -1.83303432e-01,   2.24593947e+01,   1.15367778e+01,   3.19363711e-01, 
              2.78375552e+01,   1.67977753e+01,   5.43674199e+00,   2.78734600e+01,   1.11890682e+01, 
              5.81657694e+00,   2.27485228e+01,   1.68865924e+01,   3.59047959e-02,   2.26975002e+01, 
              2.24593947e+01,   2.62671928e-01,   2.80586531e+01,   2.80454251e+01,   5.48776459e+00, 
              2.80340867e+01,   2.27145077e+01,   5.82602557e+00,   2.27012796e+01,   2.82362874e+01, 
              1.14177251e+01,   9.63760311e-02,  -2.30546584e-01,   1.11701710e+01,   5.58792008e+00, 
              5.31202007e+00,   1.69111589e+01,   5.87893790e+00,   2.45664393e-02,   1.69905274e+01, 
             -1.88972610e-02,   5.27989472e+00,   1.14536299e+01,   7.93684962e-02,   1.13723717e+01, 
              1.16331539e+01,   5.67295775e+00,   1.64557349e+01,   1.68601363e+01,   5.79956940e+00, 
              1.11663915e+01,   1.69848582e+01,   2.49443845e-01,   1.70188733e+01,   1.11796196e+01, 
              2.96686998e-01,   2.25557707e+01,   1.13591436e+01,   5.36871185e+00,   2.81739264e+01, 
              1.69584020e+01,   5.65028104e+00,   2.24990789e+01,   1.69054897e+01,  -2.26767132e-02, 
              2.78961367e+01,   1.10945819e+01,   1.10662360e+01,  -2.24877406e-01,   1.16482717e+01, 
              1.67108479e+01,   5.70130364e+00,   1.73722520e+01,   1.65577801e+01,   1.43619184e-01, 
              1.66938404e+01,   1.12722162e+01,   5.35737349e+00,   1.13137902e+01,   1.13440258e+01, 
              1.12268628e+01,   1.12948929e+01,   1.69584020e+01,   1.67032890e+01,   1.70547781e+01, 
              1.67165171e+01,   1.13799306e+01,   1.67202965e+01,   1.07601004e+01,   1.72777657e+01, 
              1.11947374e+01,   1.13988278e+01,   2.24216002e+01,   1.13742614e+01,   1.66806123e+01, 
              2.80926682e+01,   1.66957301e+01,   1.71511541e+01,   2.25652194e+01,   1.68015548e+01, 
              1.14120559e+01,   2.81474703e+01,   1.10662360e+01,   2.26729337e+01,   1.98421241e-01, 
              1.10133237e+01,   2.79358209e+01,   5.48587487e+00,   1.68979308e+01,   2.81550292e+01, 
             -7.93684962e-02,   1.68752541e+01,   2.26124625e+01,   5.69752419e+00,   1.14763066e+01, 
              2.24216002e+01,   1.11720607e+01,   1.13969381e+01,   2.81399114e+01,   1.69678507e+01, 
              1.69546226e+01,   2.80775504e+01,   1.11172586e+01,   1.69262767e+01,   2.23649084e+01, 
              1.69451739e+01,   1.12741059e+01,   2.24537255e+01,   2.27598611e+01,   1.12382011e+01, 
              2.77884223e+01,   2.79188134e+01,   1.67732089e+01,   2.80681018e+01,   2.25841166e+01, 
              1.69924171e+01,   2.25198659e+01,   2.82117209e+01,   2.25746680e+01,   1.66295897e-01, 
             -5.29123308e-02,   2.23535700e+01,   5.82224611e+00,   5.89027625e+00,   2.83534504e+01, 
              5.73153926e+00,  -1.51178088e-02,   2.80208586e+01,   2.26767132e-01,   5.72398036e+00, 
              2.24990789e+01,   3.21253437e-02,   1.13289080e+01,   2.24367180e+01,   5.51044131e+00, 
              1.70377705e+01,   2.81701470e+01,   5.78634132e+00,   1.12627676e+01,   2.82476257e+01, 
             -2.30546584e-01,   1.67505322e+01,   2.24291591e+01,  -2.22987680e-01,   2.25444324e+01, 
              2.25482118e+01,   5.41028582e+00,   2.83062073e+01,   2.80340867e+01,   5.62382487e+00, 
              2.27107283e+01,   2.80662120e+01,  -4.11960290e-01,   2.79358209e+01,   2.24726228e+01, 
              1.13194593e+01,   1.09604114e-01,   2.23290036e+01,   1.64103815e+01,   5.54823583e+00, 
              2.82665230e+01,   1.67732089e+01,  -1.03934936e-01,   2.80435353e+01,   1.14536299e+01, 
              5.51044131e+00,   2.25085276e+01,   1.12835545e+01,   1.08205716e+01,   2.25274248e+01, 
              1.69073794e+01,   1.68469082e+01,   2.84063627e+01,   1.69546226e+01,   1.10189929e+01, 
              2.77770839e+01,   1.11285970e+01,   1.68771438e+01,   2.22326276e+01,   1.10435593e+01, 
              2.23856954e+01,   2.26445879e+01,   1.65445520e+01,   2.82192799e+01,   2.80435353e+01, 
              1.68676952e+01,   2.25765577e+01,   2.83005381e+01,   1.07941155e+01,   2.79131442e+01, 
              2.23441214e+01,   2.24329385e+01,  -1.32280827e-02,   2.24764022e+01,   2.80435353e+01, 
              5.23643102e+00,   2.84195908e+01,   2.82098312e+01,   3.96842481e-02,   2.81115655e+01, 
              2.23951440e+01,   5.49910295e+00,   2.22704221e+01,   2.25519913e+01,   1.14725272e+01, 
              2.25576605e+01,   2.77430689e+01,   1.68733643e+01,   2.82230593e+01,   2.81606983e+01, 
              1.10983614e+01,   2.81229038e+01,   2.25708885e+01,   1.70207630e+01,   2.25652194e+01, 
              2.25935653e+01,   2.24442769e+01,   2.22817604e+01,   2.81569189e+01,   2.82608538e+01, 
              2.80397559e+01,   2.82457360e+01,   2.23573495e+01,   2.81399114e+01,   2.26861618e+01, 
              2.84403778e+01 ]
         </q>
         <p shape='(4, 324)'>
          [  -1.68298876e+00,   8.00550945e-01,   1.26595265e+00,  -2.16457593e+00,   7.33967312e-01, 
              1.02275014e+00,  -3.52001127e-01,   5.20337406e-03,   2.47669344e-01,   1.86513961e+00, 
              1.61195579e-03,  -4.77613206e-01,   6.23110656e-01,  -1.12073409e+00,  -2.95205827e-01, 
              1.37392784e+00,   1.23499163e-01,  -1.07473498e+00,   4.77716331e-01,   1.12978423e+00, 
              1.52160135e-01,   4.72609613e-01,   3.33244932e+00,  -1.17981821e+00,  -4.36215844e-01, 
             -1.60749101e+00,   9.24792930e-02,  -3.71633168e-01,   1.94864655e+00,   1.06288475e+00, 
             -3.32134720e-01,   3.66522260e-01,  -1.65438193e+00,  -1.58639502e+00,  -1.20914041e+00, 
              1.07489747e+00,  -7.75950368e-01,   2.01572109e-02,   9.10788779e-01,  -9.17137261e-01, 
             -1.00992834e+00,   7.61646216e-01,  -1.97144770e+00,  -1.83847319e+00,   7.01981728e-01, 
             -1.15511667e-01,  -1.49002480e+00,  -1.61980944e+00,   7.10953001e-01,   1.19457067e+00, 
              7.21197252e-01,  -7.09553834e-01,  -3.61449740e-01,   1.26291842e+00,  -6.19537648e-01, 
              1.14877976e+00,   1.81797788e-02,   1.49717737e-01,  -1.92733936e-01,  -9.37125261e-01, 
              2.01239813e+00,   4.99778319e-02,   2.13592953e+00,  -1.28405034e+00,  -2.71951131e-01, 
              2.39363317e-01,   1.48427729e-01,   1.68928326e+00,   3.13924645e-01,  -8.03191539e-01, 
             -1.89939534e+00,   1.22751302e+00,  -5.47682401e-01,   2.50389636e+00,   1.92482814e-02, 
              3.38931296e-01,   3.38957258e-01,  -7.93799932e-01,   7.34738533e-01,   1.11827396e-01, 
              1.64671773e+00,  -4.34974219e-01,   3.21528711e-01,   1.04465789e+00,   7.97270278e-02, 
              3.18319090e-01,   1.98846645e+00,   4.39788852e-01,  -2.95226496e-02,  -4.01921029e-01, 
             -8.75044282e-01,  -1.97767429e-01,  -8.07395335e-01,   9.74978093e-01,  -1.46681797e+00, 
              2.00032894e-01,   5.59699778e-01,  -5.58113925e-01,  -5.76363023e-01,   1.67757575e-01, 
             -1.08482014e+00,   1.38239497e+00,   7.48899047e-01,   2.32281097e-01,  -1.34553784e+00, 
             -6.84666749e-01,   1.21761776e+00,   5.82942669e-01,   4.17253707e-01,   8.27744849e-01, 
             -5.43658252e-01,  -1.64478230e+00,   3.46315123e-01,  -1.11976963e+00,   1.16113389e+00, 
              1.31098522e+00,   2.01285054e-01,   4.24857620e-01,   4.75122400e-01,   1.05314440e+00, 
             -2.44616544e+00,  -2.04758965e+00,  -4.28879733e-01,   3.22390590e-01,  -1.95180051e-01, 
              1.14624495e+00,  -2.91142191e-01,  -7.66862146e-01,   4.16124587e-01,   4.81344376e-01, 
             -1.46219873e+00,  -1.20970364e-01,   5.94324593e-01,   2.40430845e+00,  -1.45130246e+00, 
             -1.37546833e-01,   2.13053168e+00,  -2.00840050e+00,   1.91177551e-01,  -4.65280942e-01, 
             -1.07470208e+00,   1.06750226e+00,   2.98201222e-02,  -3.32328613e-01,   7.00784091e-01, 
              1.01094306e+00,  -1.95278774e-01,  -7.73278709e-01,  -8.60029679e-02,  -3.74859746e-01, 
             -1.04947912e+00,   9.83230122e-01,  -1.45084136e+00,  -1.18760371e+00,  -6.15268521e-01, 
              1.14503686e-01,   1.81020463e+00,   1.16737700e+00,  -3.38287021e-01,   4.12372391e-02, 
              1.90400757e-01,  -9.67950638e-01,  -1.58181846e+00,   1.68721677e+00,  -1.88320006e-01, 
             -5.41705604e-01,  -2.29388557e-01,   1.33295221e+00,   9.15392641e-01,   1.07216144e+00, 
              2.25777930e+00,  -3.31285175e-01,   1.87621535e+00,  -5.02290383e-02,   7.08053354e-01, 
              1.03576053e+00,   1.27282982e-01,  -1.94739397e-01,  -1.60452377e+00,   1.64752428e-01, 
              2.06815938e-02,  -1.12541436e+00,  -1.00131660e+00,   1.81557674e-01,   1.26348151e+00, 
              8.07976072e-01,  -6.42486747e-01,  -1.06994640e+00,   1.28677792e+00,   3.72441922e-01, 
             -1.36892640e+00,  -4.91906698e-01,   1.10564375e+00,   1.16074646e+00,   1.26002521e+00, 
              1.15196634e+00,  -1.23074924e+00,  -3.46543866e+00,   8.91728882e-01,   5.48160144e-01, 
              2.45063347e+00,  -1.53530430e+00,   1.14028145e+00,   1.31550581e+00,  -2.21109807e+00, 
             -2.00801670e+00,  -2.62398417e-01,  -2.78679158e-01,  -1.59933578e+00,   5.92810278e-01, 
              1.35704611e-01,  -7.75056404e-02,   4.77859680e-01,   9.04676501e-01,  -9.13540475e-01, 
              4.72431366e-01,  -9.30610236e-01,   1.76765450e-01,  -1.73758145e-01,   2.71811638e-01, 
              5.30101687e-04,  -3.77684265e-02,  -4.73367210e-01,  -1.22091042e+00,   1.14352423e+00, 
             -6.53972741e-01,   1.64676441e+00,  -3.03173359e-01,  -1.47175920e+00,   1.82101835e+00, 
             -1.59932917e+00,  -1.13345468e+00,  -1.27984273e+00,   2.52449698e+00,  -4.03118094e-02, 
             -1.64315569e+00,  -3.38750716e-01,   1.80179966e+00,   2.66707314e+00,   7.33537678e-01, 
             -1.91814627e-01,   1.58068395e+00,  -6.23123224e-01,  -6.62763890e-01,   1.06202997e+00, 
             -1.78891581e+00,   1.22567058e+00,  -2.23016835e-01,  -3.58409967e-01,  -8.64306267e-01, 
              3.29573341e-01,  -6.92722614e-01,  -1.41396045e+00,   3.16586125e-02,  -2.45938554e-02, 
             -1.34523141e+00,  -6.01354591e-01,   7.92357986e-01,  -1.02221047e+00,   1.17986310e+00, 
             -1.43965762e+00,   2.38327477e-01,   5.39639123e-01,   1.48326225e+00,  -1.12096679e+00, 
              3.62050034e-01,   9.70267241e-01,   7.55028133e-01,   4.59976822e-04,   5.36956832e-02, 
              8.73366121e-01,  -4.85123507e-01,  -1.33542448e+00,  -2.07533117e-01,   4.19030197e-01, 
             -7.87165578e-01,   8.96540884e-01,  -1.91875867e-01,  -3.31733550e-01,   4.78235577e-01, 
             -6.70391671e-01,   5.16327624e-01,  -2.16585960e-01,  -9.99930016e-01,  -1.03383117e+00, 
             -3.80163427e-01,  -2.65094577e+00,  -8.24399407e-01,  -1.31050908e+00,   1.11992050e+00, 
             -5.37671740e-01,  -4.65173211e-01,   2.43411668e-01,  -2.74554904e-01,  -5.16138550e-01, 
             -4.36377100e-01,   1.60294551e+00,   9.20717601e-01,  -8.71915571e-01,   1.20327336e+00, 
              6.48869816e-01,   5.45866795e-01,   7.41965596e-01,   6.56193380e-01,  -3.94084863e-01, 
              1.32404227e+00,   6.59062688e-01,  -9.36810843e-01,  -1.30319756e+00,  -9.43874913e-03, 
             -5.04088622e-02,   1.00190241e+00,   2.97524009e-01,  -3.63665037e-01,   1.24764223e-01, 
              3.61065094e-01,  -9.72234480e-01,  -1.41188055e+00,   1.56252945e+00,   7.05523916e-01, 
             -1.26245349e+00,  -5.59069623e-02,   3.26302119e-01,  -1.68338056e-01,   9.45052270e-01, 
             -6.69152848e-01,  -9.09773643e-01,   1.19447470e+00,   2.97247208e+00,   5.46030705e-01, 
              7.82304291e-01,  -1.22416996e+00,  -4.98133774e-01,   2.29348791e+00,   3.62484105e-01, 
             -2.99835854e+00,   6.48709897e-01,  -5.61272017e-01,   3.07032150e+00,  -1.31568636e-01, 
             -8.80897097e-01,   1.64759909e-01,   1.20485998e+00,  -1.67028057e+00,   1.41172652e-01, 
             -8.81320234e-01,   1.10622490e+00,  -3.09079941e-01,  -1.16090405e-01,   1.75793112e+00, 
             -2.61963184e-01,  -9.88745864e-01,  -3.56554500e-01,   2.66753857e-01,   1.14846635e+00, 
              8.67216178e-01,  -1.02189308e+00,  -1.34077847e+00,  -6.24010615e-01,   7.07023446e-01, 
             -1.85382533e+00,   1.48921438e-01,  -1.85269695e+00,   8.80644504e-01,  -1.68309771e+00, 
             -2.89085384e-01,  -1.16186487e+00,   1.29043210e+00,  -1.46051222e+00,  -1.10705554e+00, 
              4.46149357e-01,   3.37222342e-01,   8.88859514e-01,   8.41063507e-01,  -4.92121215e-01, 
              1.69259791e-01,  -4.52772639e-01,   1.35135693e+00,   1.98785071e-01,  -1.68105363e+00, 
             -8.91302045e-01,  -2.57579382e-01,   2.69140311e-01,  -3.81532009e-01,   1.90420831e+00, 
              2.70258375e-01,  -1.44848007e+00,  -8.59195646e-01,   1.50483192e+00,  -9.97457679e-01, 
              6.97631125e-01,  -1.05230867e+00,  -3.44115253e-01,   1.31446731e+00,   1.00490714e+00, 
              9.75440209e-01,   4.93154172e-01,  -5.69104843e-01,   2.15286416e+00,   5.47415499e-01, 
              5.62992104e-01,   1.48271297e-01,  -8.89598604e-01,  -1.35172181e-01,  -2.10788842e-01, 
             -3.41293772e-02,   1.86815251e+00,  -1.21081000e+00,   9.90881268e-01,   1.82713581e+00, 
             -1.12780350e+00,   1.68332804e+00,  -1.09958994e+00,   1.16712302e-03,   1.03074503e+00, 
              1.51950789e+00,   1.43542272e+00,   9.58702211e-01,  -1.36321239e-01,  -5.35958663e-02, 
             -2.93383237e-01,  -9.58142203e-02,   1.54317826e+00,  -1.65414321e+00,   6.39999040e-01, 
             -4.33321173e-01,  -3.91282852e-01,  -2.84537576e-01,  -9.73919436e-02,  -1.55238676e+00, 
              5.06868013e-01,   5.93362872e-01,  -7.92004522e-01,   1.09918166e+00,   4.10403733e-01, 
             -1.02652216e+00,   9.46837671e-01,   1.33286435e+00,  -5.06341096e-01,  -1.54290683e-01, 
              1.26794082e+00,  -5.42645973e-02,  -2.85286776e-01,  -1.87426704e+00,  -2.18625962e+00, 
             -1.62205946e+00,   9.86085241e-01,   8.95539169e-01,  -8.42203907e-01,  -5.78956719e-01, 
              1.62172977e-01,  -4.16179371e-02,  -4.19429655e-01,  -1.86352050e+00,   7.02028878e-01, 
             -8.02424963e-01,  -2.42870386e-01,  -2.27709017e-01,   8.25710778e-01,  -6.56196590e-01, 
             -1.71285855e+00,   1.44925092e-01,  -3.67657479e-01,   1.72155608e+00,  -6.32041629e-01, 
             -5.95244365e-03,  -5.95282249e-01,   2.26914331e-02,  -4.76460065e-01,  -1.12504255e+00, 
             -5.22368431e-02,   1.07399619e+00,   4.98807200e-01,   1.06199211e+00,  -2.03380954e+00, 
              7.63685353e-01,  -1.19495983e-01,  -8.36433466e-01,  -6.36643104e-01,  -4.48755081e-01, 
             -2.50044858e+00,  -7.80914060e-01,   1.45483608e+00,   7.39536826e-01,  -1.11154489e-01, 
             -5.15094872e-01,  -1.90425455e+00,  -1.06063954e-01,  -3.15453942e-01,   2.19025529e+00, 
             -2.62387019e-02,   1.62316186e+00,   1.50998700e+00,   9.09680672e-01,   7.36684804e-01, 
             -3.80497750e-01,   1.01946188e+00,  -5.49791212e-01,   5.34527544e-01,   2.43188389e-01, 
             -1.59605366e+00,  -4.76475175e-01,   1.57205439e+00,  -6.22784312e-01,  -6.64706822e-01, 
              6.71746917e-01,   2.39788447e-01,   2.20045460e+00,   2.47908819e+00,  -5.81663068e-01, 
              5.15500430e-01,  -8.12553040e-01,  -9.79281242e-01,   4.66684912e-01,  -1.14942526e+00, 
              3.95655398e-01,   1.34029726e-02,   3.18501361e-01,   6.53862700e-02,   1.66741956e-01, 
             -5.15283875e-01,   1.65199453e+00,   5.89970950e-01,   2.03046479e-01,   2.18485241e-01, 
              2.54893098e-01,   1.26137436e+00,  -1.79417069e-01,   1.18903995e+00,  -1.14243626e+00, 
             -1.55342537e+00,   1.20265756e-01,   6.67464622e-01,  -1.67882378e-01,   7.93365542e-01, 
              7.40352351e-02,   1.34342510e+00,   2.64867876e-01,   1.50026239e+00,   7.16393773e-01, 
              2.07548622e-01,  -3.46372348e-02,   2.31132549e+00,  -6.85979601e-01,  -1.00496225e-01, 
             -1.83280165e-01,   1.48782731e+00,  -2.15632490e-01,  -1.21591264e+00,   1.59510199e-01, 
             -1.52034007e-01,  -9.50136587e-02,   1.54878114e-01,  -5.58707706e-01,   1.00353841e-01, 
              1.74920116e-01,   1.22064430e-02,   1.01254636e+00,  -8.91331013e-01,  -3.44837826e-02, 
             -3.20745404e-01,  -3.17038353e-01,  -1.55429713e-01,   4.91413270e-01,  -1.16987502e+00, 
              6.82340342e-02,   9.08514306e-02,   2.42704053e-01,  -7.42583863e-01,  -9.18964620e-01, 
             -9.03794583e-01,  -1.14261591e+00,   2.52914519e+00,   9.07879810e-02,   1.43370498e+00, 
              2.69072456e+00,   8.15737013e-01,  -5.35077624e-01,   1.26162130e+00,  -3.76592453e-01, 
              9.08003040e-01,  -1.03968519e+00,   9.81535356e-02,  -8.08042101e-01,   6.69762795e-01, 
              5.12553040e-01,  -9.03585247e-01,   7.47843568e-01,  -9.56726070e-01,  -7.77702622e-01, 
              4.11519115e-01,  -2.37659897e-01,  -2.76551775e-01,  -5.47712252e-02,  -6.21319290e-01, 
              1.18024922e+00,  -1.10344439e+00,  -1.65939148e-01,  -1.36317217e+00,   5.31073813e-01, 
             -2.84309470e+00,  -1.58377432e+00,  -6.83871086e-01,  -6.47064563e-01,   1.05413425e-02, 
              5.22422239e-02,   7.75777106e-01,  -1.18272053e+00,   3.99439488e-01,  -5.44611152e-01, 
             -9.82859127e-01,   1.04923493e+00,  -9.08747431e-01,  -2.85066884e-02,  -9.26086481e-01, 
              7.42049936e-01,  -5.44320267e-02,   1.03216434e+00,  -1.22795212e+00,   3.59753408e-01, 
              3.10734455e-01,   4.77616821e-01,  -9.76367943e-01,   1.31760663e+00,   1.36448288e+00, 
             -2.91669141e+00,   5.90238635e-01,  -1.08633244e+00,  -3.48577670e-01,  -1.20396177e-01, 
              1.32567752e+00,  -3.44354378e+00,   2.19488327e-01,   4.48913221e-01,   8.52417417e-01, 
              7.88382654e-01,   4.22470097e-01,   1.15040863e+00,   9.50536315e-01,  -2.49584186e+00, 
             -6.87577647e-02,  -1.02152866e+00,   1.04406012e+00,  -7.07588426e-01,  -4.70370169e-01, 
              1.27043641e+00,  -8.01966113e-02,   1.35651178e+00,  -2.63398226e-01,   3.00908543e-01, 
             -7.21974428e-01,  -1.43371780e-02,   9.53851469e-01,   2.11573905e+00,  -5.10078903e-01, 
              2.28712929e+00,   2.04013223e+00,  -2.12287843e+00,   1.05324591e+00,   6.69137125e-01, 
             -3.47624179e-01,   6.45412512e-01,  -1.23298531e+00,  -1.84345957e-01,  -8.96043174e-01, 
              1.60323565e-01,   1.86318624e+00,  -1.17742287e+00,   7.04531073e-03,  -1.33476650e+00, 
              2.36056746e+00,  -3.57080068e-01,  -3.52151658e-01,   1.25521191e-01,   3.52610235e-01, 
              1.39518953e+00,   2.63427504e-01,   9.52665552e-02,  -2.25395619e+00,  -1.10561334e+00, 
             -9.91574462e-01,  -2.44438883e-01,  -1.49068407e-01,  -7.96106155e-01,  -1.47359240e+00, 
             -1.56357087e-01,  -6.36273380e-01,   8.14474348e-01,  -6.08119957e-01,  -1.23148649e+00, 
              4.86113552e-01,  -2.72220961e-01,  -1.19220966e+00,   1.23646725e-01,   2.24640978e+00, 
             -4.23784211e-02,  -1.72935724e+00,   4.71309938e-01,   4.90328555e-01,   1.17606495e-01, 
              3.63985636e-01,   1.10058636e+00,   1.37634576e+00,  -2.16671478e+00,  -8.43136604e-01, 
              4.40322522e-01,   1.20617665e+00,   5.51613604e-01,  -1.36277639e+00,  -6.28136766e-02, 
             -6.38588424e-01,   1.12879432e+00,   9.09447618e-01,  -6.04217942e-01,  -1.33836229e-02, 
             -4.30270540e+00,   7.03154151e-01,  -2.10629642e+00,  -1.34283244e+00,   1.02749914e+00, 
              5.16624335e-01,   4.66178067e-01,   2.49679004e-01,  -3.36831774e-01,  -1.09754025e+00, 
             -1.60752064e+00,   1.91205088e-01,   1.27259724e-01,  -5.13209815e-01,  -1.29864668e+00, 
             -3.74906025e-01,   7.47481649e-01,   1.07910228e+00,   1.18065596e+00,  -2.85829383e+00, 
             -1.02411103e+00,   1.45849348e+00,   1.30182380e+00,   8.09834902e-01,   1.17340816e+00, 
              1.27759189e+00,   2.86302183e-01,   9.54708942e-01,   1.31800384e+00,   1.34473634e+00, 
              3.75387796e-01,  -5.28154905e-01,  -1.89436968e-01,  -1.49969660e+00,  -4.95314355e-01, 
             -1.21659052e+00,  -1.06727850e+00,   9.87439220e-01,   1.68268955e+00,   7.64056214e-01, 
              5.69159135e-02,   1.02461553e+00,   1.72629454e-01,  -1.07410054e-01,   1.75500727e+00, 
              2.44770460e-01,  -1.86727887e+00,  -1.68864595e+00,  -1.84775459e+00,   5.75651173e-01, 
             -7.38139864e-01,   2.78291412e-01,   9.64532241e-02,  -8.25578924e-01,   2.40110763e-01, 
             -1.26058799e+00,  -2.89120879e-01,   2.77406419e+00,   3.75748996e-01,   1.09793520e+00, 
             -4.31684993e-01,  -2.06420477e-01,   1.40152634e+00,  -9.11240808e-01,  -9.81468017e-01, 
              2.20633948e+00,   2.80695565e-01,   1.23575551e+00,   1.25327599e+00,   1.12614370e+00, 
              4.01293699e-01,  -5.07116373e-01,  -1.85680039e-01,  -2.89013341e-02,   9.05126516e-01, 
              5.15333422e-01,  -9.94017895e-01,  -1.71615656e-01,   1.45744272e-01,  -3.19735761e-01, 
             -3.12024947e-01,   1.02300883e+00,  -6.49985965e-01,  -2.55828555e-01,   3.75885494e-01, 
             -5.19297674e-02,  -1.06150937e+00,   2.34399856e+00,  -2.03358680e+00,  -4.97181054e-01, 
              3.64138820e-01,   6.89529523e-02,  -1.27429664e+00,   6.25475499e-02,   1.88856191e+00, 
             -1.12947400e-01,   1.56506372e+00,  -3.84710039e-01,   1.89258907e-01,   7.47448095e-01, 
              1.94865708e-01,   1.86517454e+00,  -3.56277696e-01,   1.11352224e+00,  -2.44758542e-01, 
             -1.63378250e+00,  -9.19076379e-01,  -1.56424760e+00,  -8.93028430e-01,   1.28957123e+00, 
              3.11188165e-01,   1.06735075e+00,  -7.94712718e-01,  -4.10314169e-01,   9.16102894e-01, 
             -2.37571503e-01,  -4.02868884e-03,  -1.34280287e+00,   2.28937024e+00,   3.02390579e-01, 
              3.87476164e-02,  -5.77026780e-01,  -3.96021154e-01,   7.48467811e-01,  -8.04435904e-01, 
              1.84607748e-01,   3.28235455e-01,   9.00772338e-01,   9.81346611e-01,   6.78593226e-01, 
              1.03419370e+00,  -7.64935275e-02,   3.58741410e-01,   4.70930521e-01,   1.03834653e+00, 
             -5.21961443e-01,  -1.82865494e+00,  -1.84306025e+00,  -5.61906270e-01,  -1.29417866e+00, 
              7.18106274e-01,  -6.04168944e-01,  -2.13989551e-01,  -4.10158600e-01,  -3.65316383e-01, 
             -8.48556335e-01,   9.81976692e-01,   1.79373004e-01,   6.29966860e-01,   8.10199205e-01, 
              9.40770038e-01,   4.20175080e-01,   9.94736318e-01,  -1.95765130e-01,  -2.72250409e-01, 
             -1.15195608e+00,  -1.41700327e+00,   7.58254950e-01,   7.81101946e-01,   1.17852517e-01, 
              4.98420005e-01,  -1.17906149e-01,  -9.72904317e-01,  -1.91119964e-01,  -2.20222199e+00, 
              8.12575895e-02,  -9.85600765e-01,   1.20730257e+00,  -2.42696726e+00,  -1.29011899e+00, 
             -4.70190342e-01,  -2.93395988e-01,  -9.52458933e-02,  -9.64079018e-01,  -9.54949610e-01, 
              1.19117004e+00,  -8.05559810e-01,   1.88459910e+00,   4.04030387e-01,   9.38946013e-01, 
              4.64213856e-01,   4.30159424e-01,  -7.18400772e-01,  -1.53175048e-01,  -1.61319333e+00, 
              8.66245989e-01,   2.00842910e-01,  -3.92714287e-01,  -4.56325587e-01,  -2.33503811e-01, 
              4.31757246e-01,  -1.21248924e+00,  -4.16452221e-01,  -1.02301806e+00,   1.05429089e+00, 
              1.00734390e+00,   1.73078603e+00,   5.31654064e-01,  -7.18714587e-01,  -1.34983712e+00, 
              3.12069331e-01,   1.04257239e+00,   1.50352973e+00,   2.62027536e-01,  -2.92783670e-01, 
             -1.94294124e+00,  -4.23622247e-01,   8.22014578e-01,  -9.72533777e-02,  -2.60201331e-01, 
              5.94718226e-01,   5.70227568e-01,  -8.89874454e-01,   8.11670907e-01,  -2.29208308e+00, 
             -4.51353099e-01,  -5.81776969e-01,   1.68932051e+00,  -1.87682509e+00,  -1.31796908e+00, 
              7.25091641e-01,  -6.83100100e-01,  -1.11608767e+00,   9.97454946e-01,   9.11178235e-01, 
             -9.05042044e-01,   4.73783855e-01,   2.84321610e-01,   6.30343147e-01,   1.06537003e+00, 
              8.16817645e-01,   5.47449716e-01,  -8.65008190e-02,   6.23738949e-01,  -7.43241362e-01, 
             -2.08173829e+00,   6.22516040e-01,   1.69478763e+00,  -2.95097187e-02,   6.37198512e-01, 
             -8.23677532e-01,  -1.22910517e+00,  -1.89363515e+00,   6.10642560e-01,  -1.12031501e+00, 
             -9.53821178e-01,   1.38137865e-02,  -3.36391683e-01,  -4.68852337e-01,   4.65479263e-01, 
              5.20161991e-01,   1.32625286e-01,   1.80413974e+00,   1.16934044e+00,   5.16967003e-01, 
              1.78893770e+00,  -1.38020831e+00,   5.71707372e-01,   5.97514637e-01,  -5.42367513e-01, 
             -2.02548172e-01,  -4.22501079e-01,  -4.65569909e-01,   2.92277191e-01,  -4.63809721e-01, 
              8.21260855e-02,   6.65577594e-01,   7.52211817e-01,   2.22702567e-01,  -3.18834807e-01, 
              1.52695454e+00,   1.58946127e+00,   8.66573338e-01,  -2.66878568e+00,   1.59939085e-01, 
              6.73364441e-02,   7.68133767e-01,  -1.25234562e+00,   2.78465522e+00,   2.07074084e-01, 
             -1.44833575e-01,  -3.28608062e-01,  -1.16963905e-02,   6.82353382e-01,   1.10731447e+00, 
             -1.85702728e+00,   1.68703765e+00,  -8.98573359e-02,  -1.92494094e+00,  -1.23354512e+00, 
             -8.31080313e-01,   1.21530839e-01,   4.35309951e-01,   1.38405991e+00,   2.42278226e-01, 
             -5.03863390e-01,  -4.77154811e-02,  -1.79302251e+00,   5.40963177e-01,  -6.67732592e-01, 
             -1.27771389e+00,  -6.56713541e-01,   1.72878802e+00,  -3.90540532e-01,  -8.90369371e-02, 
              8.56364969e-01,   4.01694455e-01,  -3.56073017e-01,   9.66951732e-01,   4.21107747e-01, 
             -1.33433419e+00,   1.91997910e+00,   7.12072619e-01,  -1.41349333e+00,  -2.72550460e-01, 
              3.50108631e-01,  -4.45522542e-01,  -6.80700119e-01,  -2.82603852e-01,   2.71605198e-01, 
              2.47254002e+00,  -3.05525712e-01,  -4.87482961e-01,  -8.71318575e-01,  -1.30937206e+00, 
             -1.86814934e+00,  -1.02151644e+00,  -6.41426436e-01,  -6.99302013e-01,   1.11126292e+00, 
             -9.15772967e-01,  -4.83153418e-02,  -1.62292027e+00,  -1.15055155e+00,   4.78122567e-01, 
             -1.59116244e+00,   3.73463102e-01,  -5.99433477e-01,  -7.18075271e-01,  -5.62022847e-02, 
              5.66784446e-01,   4.30794398e-02,   6.07664593e-01,   5.79736873e-02,   7.48256807e-01, 
             -6.16806678e-01,   1.28010267e+00,  -5.47410842e-01,   2.18209899e+00,  -1.94101876e+00, 
              2.11519778e+00,   7.08779820e-01,   4.63947628e-01,  -1.34417641e+00,  -1.34001218e+00, 
              1.03602523e+00,   2.01727975e+00,  -1.43704807e+00,  -1.45491713e+00,   8.00544326e-01, 
             -8.88405792e-01,  -3.73130853e-01,   4.88167290e-01,  -1.28688268e-01,   1.09577615e+00, 
             -1.90968573e+00,   1.30955005e+00,  -6.87555428e-01,   1.91436029e+00,   4.65021022e-01, 
             -1.51907390e+00,  -1.16019773e+00,  -1.81607492e-01,  -1.35659211e+00,  -3.76859081e-02, 
              9.72098120e-01,  -2.62057834e+00,   6.09461669e-01,   9.08469089e-01,   1.67888481e+00, 
              5.98094587e-01,  -2.33262169e+00,  -1.03068035e+00,  -7.24641677e-01,  -7.20405948e-02, 
             -4.77556701e-01,  -4.39988335e-02,  -9.73316066e-01,  -1.76802378e+00,   9.81323663e-01, 
             -3.26968215e-01,   5.90445165e-01,   7.50302200e-01,   1.27199734e+00,   7.24219744e-01, 
              4.54547445e-02,   2.05034795e-03,   1.70386527e-01,   8.94593958e-01,   1.14256609e+00, 
              1.06378917e-01,   3.62760041e-01,  -8.80359821e-01,   1.92324941e-01,  -1.36310418e-02, 
              2.84959752e-02,   1.54658884e+00,   1.71749461e+00,  -5.77010862e-01,   1.17834110e+00, 
             -5.22372659e-01,  -1.74367614e-01,  -7.93486650e-01,   4.06587128e-01,   1.50250030e+00, 
              1.65921277e+00,  -2.88624723e-02,  -1.04338419e+00,  -4.44840159e-01,  -3.69208928e-01, 
              1.31364728e+00,  -5.75317498e-01,   1.28151060e+00,  -7.33893744e-01,  -2.90228303e-01, 
             -1.34265478e-01,  -1.86129135e-02,   9.04459362e-01,  -4.97273024e-01,   3.03924062e-01, 
             -1.42691325e-01,  -2.28526675e+00,  -1.40488052e+00,  -1.59156996e+00,  -1.43776285e+00, 
             -9.95360535e-02,   2.61804049e-01,  -1.57943841e-01,  -1.26997554e+00,  -7.87452753e-01, 
              1.42084623e+00,   2.06957110e-01,   4.37062328e-01,  -2.26565635e+00,   4.70779784e-01, 
             -3.71658351e-01,  -1.05554103e+00,   1.82043322e-01,  -4.58551998e-01,   5.18114332e-01, 
             -1.23517679e+00,  -4.57583125e-01,  -3.22492834e-01,  -1.13877474e+00,  -2.05773907e+00, 
              1.40437282e+00,  -5.69181077e-01,  -4.94852777e-01,  -9.72178813e-01,  -1.21575796e+00, 
             -3.40621407e-01,   3.55743531e-01,   1.92877675e+00,  -2.38295275e+00,  -8.77726432e-01, 
             -8.98253244e-02,  -2.84486111e-01,   2.63737262e+00,   1.68031991e+00,  -1.82552903e+00, 
              5.35878662e-01,  -1.06246268e+00,   1.47920305e+00,  -1.90224313e+00,   2.15193756e-01, 
              3.81081466e-01,  -1.11976409e+00,  -6.69413261e-01,   1.71640403e+00,  -1.92519497e+00, 
             -1.08650290e+00,   8.76111035e-01,   1.93233359e+00,   7.73236402e-01,   3.08538084e-01, 
              6.91445593e-01,   1.77316435e-01,  -2.79674485e-02,  -5.84608551e-01,  -1.08748268e+00, 
              7.60708396e-01,  -1.50682699e+00,  -1.12090551e+00,  -1.29877622e-01,  -4.90376290e-01, 
             -2.21971857e+00,  -7.76349004e-01,  -6.12726923e-01,  -7.62836687e-01,   1.58284873e+00, 
             -1.48442935e-01,   3.66868156e-02,   1.79926996e-01,  -3.22714384e-01,   3.88210960e-01, 
             -1.00355488e+00,   7.88380627e-01,   1.39418066e+00,  -2.49539691e+00,  -6.71237584e-01, 
             -1.58061659e+00,   2.76275222e-01,  -4.23519965e-01,  -6.35207109e-01,  -1.22681182e+00, 
             -5.70865269e-01,   1.04345120e+00,  -3.03649272e-01,  -5.79522659e-02,  -9.85103540e-01, 
              5.88250224e-01,  -3.55913486e-01,  -9.79144029e-01,  -3.95924623e-01,   2.25447331e-01, 
             -1.63376676e+00,  -3.19234605e-01,   3.60126499e-01,  -7.32913367e-01,  -9.24566980e-01, 
              1.15609324e+00,   2.83699580e-01,  -7.53291801e-02,  -5.73698040e-01,  -7.32450477e-01, 
              2.53405665e-01,   5.85428280e-03,  -4.04369764e-01,   1.17932111e+00,   6.45432897e-04, 
              8.23910840e-01,   1.07976801e+00,   3.29872314e-01,  -6.88011877e-01,   1.72497732e+00, 
              1.04348874e+00,   8.48748274e-01,  -2.64056738e-01,  -4.26275100e-01,  -1.94168245e+00, 
              2.13319902e-01,   1.60140121e+00,  -1.04384195e+00,   1.45657730e-01,   7.10271601e-01, 
              4.63062175e-01,  -3.53371258e-01,   1.14474798e+00,   6.78119737e-02,   1.46015142e-01, 
             -9.26467057e-01,  -1.35646991e-01,  -5.53798313e-01,   2.45226924e-01,   3.14467080e-01, 
              5.51243012e-01,   4.32803158e-01,   8.43195387e-01,   1.53608865e+00,  -4.15499977e-04, 
              7.14566785e-02,   9.60157260e-02,   1.67758418e+00,   1.34601987e+00,   1.28814513e+00, 
              1.86576856e+00,   1.23572136e+00,   5.48567538e-01,  -2.08221610e-01,   2.47691286e+00, 
              1.09074239e-01 ]
         </p>
         <m shape='(108)'>
          [   3.67494322e+03,   3.67494322e+03,   3.67494322e+03,   3.67494322e+03,   3.67494322e+03, 
              3.67494322e+03,   3.67494322e+03,   3.67494322e+03,   3.67494322e+03,   3.67494322e+03, 
              3.67494322e+03,   3.67494322e+03,   3.67494322e+03,   3.67494322e+03,   3.67494322e+03, 
              3.67494322e+03,   3.67494322e+03,   3.67494322e+03,   3.67494322e+03,   3.67494322e+03, 
              3.67494322e+03,   3.67494322e+03,   3.67494322e+03,   3.67494322e+03,   3.67494322e+03, 
              3.67494322e+03,   3.67494322e+03,   3.67494322e+03,   3.67494322e+03,   3.67494322e+03, 
              3.67494322e+03,   3.67494322e+03,   3.67494322e+03,   3.67494322e+03,   3.67494322e+03, 
              3.67494322e+03,   3.67494322e+03,   3.67494322e+03,   3.67494322e+03,   3.67494322e+03, 
              3.67494322e+03,   3.67494322e+03,   3.67494322e+03,   3.67494322e+03,   3.67494322e+03, 
              3.67494322e+03,   3.67494322e+03,   3.67494322e+03,   3.67494322e+03,   3.67494322e+03, 
              3.67494322e+03,   3.67494322e+03,   3.67494322e+03,   3.67494322e+03,   3.67494322e+03, 
              3.67494322e+03,   3.67494322e+03,   3.67494322e+03,   3.67494322e+03,   3.67494322e+03, 
              3.67494322e+03,   3.67494322e+03,   3.67494322e+03,   3.67494322e+03,   3.67494322e+03, 
              3.67494322e+03,   3.67494322e+03,   3.67494322e+03,   3.67494322e+03,   3.67494322e+03, 
              3.67494322e+03,   3.67494322e+03,   3.67494322e+03,   3.67494322e+03,   3.67494322e+03, 
              3.67494322e+03,   3.67494322e+03,   3.67494322e+03,   3.67494322e+03,   3.67494322e+03, 
              3.67494322e+03,   3.67494322e+03,   3.67494322e+03,   3.67494322e+03,   3.67494322e+03, 
              3.67494322e+03,   3.67494322e+03,   3.67494322e+03,   3.67494322e+03,   3.67494322e+03, 
              3.67494322e+03,   3.67494322e+03,   3.67494322e+03,   3.67494322e+03,   3.67494322e+03, 
              3.67494322e+03,   3.67494322e+03,   3.67494322e+03,   3.67494322e+03,   3.67494322e+03, 
              3.67494322e+03,   3.67494322e+03,   3.67494322e+03,   3.67494322e+03,   3.67494322e+03, 
              3.67494322e+03,   3.67494322e+03,   3.67494322e+03 ]
         </m>
         <names shape='(108)'>
          [ H2, H2, H2, H2, H2, 
            H2, H2, H2, H2, H2, 
            H2, H2, H2, H2, H2, 
            H2, H2, H2, H2, H2, 
            H2, H2, H2, H2, H2, 
            H2, H2, H2, H2, H2, 
            H2, H2, H2, H2, H2, 
            H2, H2, H2, H2, H2, 
            H2, H2, H2, H2, H2, 
            H2, H2, H2, H2, H2, 
            H2, H2, H2, H2, H2, 
            H2, H2, H2, H2, H2, 
            H2, H2, H2, H2, H2, 
            H2, H2, H2, H2, H2, 
            H2, H2, H2, H2, H2, 
            H2, H2, H2, H2, H2, 
            H2, H2, H2, H2, H2, 
            H2, H2, H2, H2, H2, 
            H2, H2, H2, H2, H2, 
            H2, H2, H2, H2, H2, 
            H2, H2, H2, H2, H2, 
            H2, H2, H2 ]
         </names>
      </beads>
      <forces>
         <force forcefield='driver'>
         </force>
      </forces>
      <ensemble>
         <temperature>  7.91703800e-05</temperature>
         <eens>  1.66566402e-04</eens>
         <hamiltonian_weights shape='(1)'> [   1.00000000e+00 ] </hamiltonian_weights>
      </ensemble>
   </system>
</simulation>
