<simulation verbosity='medium'>
   <step>113</step>
   <total_steps>2000</total_steps>
   <output prefix='simulation'>
      <properties stride='10' shape='(8)'>
       [ step, time{picosecond}, conserved, temperature{kelvin}, kinetic_cv, 
         potential, volume, pressure_cv{megapascal} ]
      </properties>
      <trajectory format='pdb' filename='pos' stride='10' cell_units='angstrom'>positions{angstrom}</trajectory>
      <checkpoint stride='1000'>0</checkpoint>
   </output>
   <prng>
      <set_pos>8</set_pos>
      <state shape='(624)'>
       [ 3721355220, 155904001, 1784352046, 3908052390, 3442132564, 
         4057750172, 2777414701, 1051794477, 3864251177, 3437290912, 
         893684250, 508709088, 471682867, 905195997, 966865149, 
         3675031044, 1142121167, 2244554862, 339917979, 1546148191, 
         658961562, 1169481686, 706084063, 4203071146, 1067104300, 
         749709818, 882104950, 3234351527, 3927907085, 2791435457, 
         3941847609, 1783300511, 2057903647, 1369698694, 1574532837, 
         3875639693, 143372960, 3804371557, 1867116527, 360024698, 
         1305696826, 1259485661, 4253243761, 218499885, 1022633328, 
         1976478512, 3923355020, 2363273922, 2504938122, 3930937692, 
         3201882851, 2227920829, 746172362, 2220073742, 2321364681, 
         2348239862, 1545721249, 933319501, 4164768551, 909236977, 
         444554856, 478909042, 3481461865, 1110451695, 3615618687, 
         3600182160, 2243324744, 3293986289, 3907687947, 184886436, 
         3715754992, 1265146883, 2232270665, 341135182, 377207690, 
         4243470328, 779440450, 365374464, 2756789552, 2678565712, 
         2996113810, 3292315196, 1836937884, 2120191949, 4082535671, 
         3657449848, 2529830438, 1806900882, 631491246, 540451011, 
         954602005, 3642739755, 874627052, 3094356808, 920816398, 
         4053798239, 4161572222, 2218548687, 2442068970, 435948441, 
         2128639280, 3478609492, 1734910255, 2303326979, 2341180536, 
         905628839, 4162328564, 2337797893, 584866647, 3704595608, 
         439253115, 2302115591, 1441019855, 204048061, 167316528, 
         523763336, 3538178141, 678902700, 3986662923, 4103817457, 
         2855134714, 1278764666, 1970741474, 2084569449, 197300280, 
         438874060, 83306492, 1605993946, 2380500031, 316494584, 
         2561162419, 3188533119, 1791910059, 2244927502, 3713189033, 
         471912312, 2813327974, 4166473145, 3684798663, 4182925625, 
         1362862873, 1736084010, 2493753339, 1217763886, 317468080, 
         737751919, 3171717887, 463228458, 3408874068, 2035448835, 
         1107412488, 614744846, 3174129232, 1201041298, 3311393258, 
         1600878398, 3403959860, 3204465512, 709953303, 1851810452, 
         1698702038, 1813857795, 19851061, 930470413, 4018780850, 
         2170529268, 1549326054, 2513637780, 4009942999, 3583029885, 
         1561486826, 2556613617, 1834418639, 2061281218, 2953787479, 
         1167962844, 1175332461, 813111725, 1964161129, 3804596889, 
         3697892984, 3208972476, 942289713, 2509041064, 1146153101, 
         963849153, 681535211, 2271621355, 3305996888, 2946782439, 
         3167597707, 1925920490, 4188898548, 469321741, 2555374144, 
         3563136424, 33116577, 3273149171, 512990824, 2171684087, 
         2599298804, 1779496204, 1132687258, 3004782433, 2051202255, 
         888547369, 3931051581, 1778648848, 411224439, 380399950, 
         2714965865, 2592121061, 2701141544, 198198445, 1404808813, 
         2710876392, 110623138, 3981939396, 1464037222, 4210491240, 
         4123772531, 1244640438, 2185756119, 4074976526, 4103361369, 
         983442527, 527901438, 2303192154, 3325000441, 2680579317, 
         3463731357, 628919781, 51560947, 169359302, 115179764, 
         2562433796, 4248068806, 3288555746, 519646602, 493048064, 
         407327122, 413710329, 3116303161, 3211081336, 3543256833, 
         224981648, 735117349, 3219276152, 2934959126, 2893329985, 
         2366501158, 1359947498, 1261319268, 1701005714, 3739837896, 
         1195742532, 650669663, 970714319, 3503270115, 1576979541, 
         2094488469, 3619709176, 2706742503, 4256910919, 4192031353, 
         1852956210, 1304729271, 1038931356, 1862248713, 3368056275, 
         4197724590, 540730915, 2843585415, 442971918, 2751117460, 
         1655411425, 829054827, 4273259555, 1233203253, 182967946, 
         1992569922, 3420732391, 28162521, 3169723283, 4173861066, 
         2133758342, 1442855986, 2080919781, 2705089528, 3239815768, 
         1170524042, 1902084593, 919677188, 3285188065, 1146350757, 
         3707700315, 617525675, 1580730046, 4209453529, 631200808, 
         3927765319, 2623086453, 4231964236, 1017749586, 48892942, 
         538970333, 2040601368, 1184856898, 146622718, 910320731, 
         119765596, 423986523, 2733081304, 2549947876, 1392112210, 
         2761388617, 1663194977, 883667825, 4169089521, 2428886184, 
         668492210, 749745026, 951192525, 372565741, 3677715207, 
         4058025919, 1246649133, 1765959750, 2984279947, 2718384829, 
         1091661920, 3142179981, 1142559945, 1147534877, 726846665, 
         3854068722, 215063430, 2029985743, 2132381306, 1677155215, 
         3528595514, 33613822, 3189936072, 2900188952, 1717840628, 
         3806666467, 2122606780, 1412069303, 60160511, 3916805373, 
         1835109299, 2446075990, 1913149212, 511732430, 1085142628, 
         1761137811, 1997551924, 743067252, 3982273869, 783139750, 
         2786826045, 736783887, 3095050555, 2711536551, 318671550, 
         1845437700, 2212351864, 1772747488, 3722171191, 1303093176, 
         2553864879, 445679483, 3557851799, 4132620638, 1338577688, 
         878921356, 2889304309, 3019305450, 4123237406, 3690553272, 
         905118796, 1796580622, 3219420251, 2193199633, 3126576787, 
         1845327412, 4009178558, 3529765624, 531652554, 39284908, 
         3623576177, 977638362, 3630310953, 389655283, 3282031221, 
         2957409206, 1454142186, 3621642309, 1284004018, 2133153624, 
         1127303474, 1260010363, 3013954855, 4269404813, 953283624, 
         2232416687, 2221736207, 2711321178, 927301612, 3959889324, 
         3074861072, 622769876, 2746067741, 1994215600, 715684765, 
         2665850867, 3839612320, 3383248086, 2411322593, 950370478, 
         1298071371, 2491678442, 1889061289, 1747113439, 1362245669, 
         1953689723, 1145902200, 369991834, 4161375418, 2897911958, 
         4209470711, 3424551993, 3918593891, 1193932086, 1042367653, 
         1602895252, 2334194302, 1139735954, 339697034, 419305678, 
         2921110731, 4164272734, 1342995455, 2262044510, 2111625394, 
         4075472018, 2780780071, 3677495768, 436824877, 2652752537, 
         889059474, 3325353685, 3802516720, 1965838581, 3511714315, 
         3940874803, 3825306209, 1318414174, 3333473158, 2897079608, 
         3073302260, 2025862357, 4188630637, 3519859268, 3852455406, 
         3593215134, 299245112, 974260120, 3988368060, 3891302734, 
         2761318270, 3694210368, 3682896175, 25247673, 1879419371, 
         3543606134, 2113329627, 3308917884, 580039130, 3208421362, 
         1605872775, 712693376, 276098684, 1067134894, 1473236305, 
         3645510975, 3075037541, 1556964323, 2052689196, 1520807397, 
         736993845, 2195675929, 2871336354, 1153189451, 2698790873, 
         2096711852, 2611034504, 3293340212, 458483308, 2566803986, 
         4013260236, 2186070508, 3661654884, 1251791445, 3133682256, 
         3690299343, 776251951, 1794816185, 1550053646, 3851240786, 
         3617559421, 3055878200, 3088744653, 3294761265, 1501468975, 
         679933519, 13074779, 1318376241, 3611068825, 397439983, 
         1700097142, 3155770427, 1738912514, 3574343079, 2938589637, 
         1135891928, 1309938982, 2945165594, 3565181299, 516683785, 
         2012777576, 3945880182, 1196014249, 1338843116, 2380093889, 
         3166722248, 1027948238, 3670786477, 3434835913, 640151415, 
         1260628637, 1695388893, 111868239, 219459803, 1279133577, 
         423654675, 3175220196, 850278870, 2243263863, 1958142936, 
         1547394671, 4117432665, 3465520093, 2005699573, 1150495563, 
         2104867557, 3193645299, 1561919161, 175932569, 1578624032, 
         2201445742, 1485541664, 632086267, 1882422549, 331376179, 
         996788428, 963203382, 3257121843, 4250295854, 961184694, 
         3560980955, 2813399543, 859265700, 1298613879, 267152979, 
         1546161980, 1590024830, 3206015589, 2976192444, 850655903, 
         2329113551, 237211421, 131461214, 187608162, 677187440, 
         1735634626, 2956042403, 1170699448, 1749350232, 3107026514, 
         2820089133, 2522471780, 2324358730, 670627907, 955777785, 
         1259322643, 2226927124, 3170041811, 2809625452, 4102806350, 
         4158254171, 3179826935, 1939300619, 3267435877, 2908682789, 
         4208931572, 2514580255, 3869908080, 2057060801, 1747880064, 
         846113008, 3964091547, 71732785, 3556179515, 3943868490, 
         255341434, 2911727330, 3999403504, 3662304008, 835012619, 
         3659751001, 1208404576, 3511368571, 2018237696 ]
      </state>
      <seed>32345</seed>
   </prng>
   <ffyaff name='yaff'>
      <yaffsys>init.chk</yaffsys>
      <alpha_scale>  3.20000000e+00</alpha_scale>
      <rcut>  2.83458920e+01</rcut>
      <gcut_scale>  1.50000000e+00</gcut_scale>
      <smooth_ei> True</smooth_ei>
      <yaffpara>pars.txt</yaffpara>
   </ffyaff>
   <system>
      <cell shape='(3, 3)'>
       [   3.13701675e+01,   1.24161814e-01,   1.60165504e-01,   0.00000000e+00,   2.53340987e+01, 
          -7.20567827e-02,   0.00000000e+00,   0.00000000e+00,   2.53036843e+01 ]
      </cell>
      <motion mode='dynamics'>
         <dynamics mode='nst'>
            <timestep>  1.03353433e+01</timestep>
            <nmts shape='(1)'> [ 1 ] </nmts>
            <thermostat mode='pile_l'>
               <tau>  4.13413730e+03</tau>
               <ethermo> -4.46738754e+00</ethermo>
               <pile_lambda>  1.00000000e-01</pile_lambda>
            </thermostat>
            <barostat mode='anisotropic'>
               <tau>  4.13413730e+03</tau>
               <h0 shape='(3, 3)'>
                [   3.12371724e+01,   0.00000000e+00,   0.00000000e+00,   0.00000000e+00,   2.52656380e+01, 
                    0.00000000e+00,   0.00000000e+00,   0.00000000e+00,   2.57758640e+01 ]
               </h0>
               <thermostat mode='langevin'>
                  <tau>  4.13413730e+03</tau>
                  <ethermo> -1.11974029e-02</ethermo>
               </thermostat>
               <p shape='(3, 3)'>
                [  -2.64891586e+01,   1.13631643e+02,   1.61676765e+02,   0.00000000e+00,  -9.72510484e+01, 
                    7.85032557e+01,   0.00000000e+00,   0.00000000e+00,  -1.37193960e+02 ]
               </p>
            </barostat>
         </dynamics>
      </motion>
      <beads natoms='152' nbeads='4'>
         <q shape='(4, 456)'>
          [   1.56818390e+01,  -1.26883297e+01,   1.26693344e+01,   1.58213835e+01,  -6.39406204e+00, 
              1.26196146e+01,  -4.83872555e-02,  -6.30856657e+00,  -8.51658732e-02,   4.13681567e-02, 
             -1.25895338e+01,  -6.95992820e-03,   1.84804573e+01,  -1.16661119e+01,   1.50153294e+01, 
              1.56729574e+01,  -9.61468792e+00,   1.10497332e+01,   1.57426472e+01,  -3.10412502e+00, 
              1.42715235e+01,   2.88783646e+01,  -1.16515818e+01,   2.30437756e+01,   1.30625477e+01, 
             -1.16578465e+01,   1.49301615e+01,   2.56123734e+00,  -1.15927277e+01,   2.30035381e+01, 
              1.30874472e+01,  -7.44510317e+00,   1.49153242e+01,   1.32463284e+01,  -5.30341148e+00, 
              1.04070845e+01,   2.56808996e+00,  -5.19200325e+00,   2.18833947e+00,   1.83950348e+01, 
             -7.53898001e+00,   1.50094461e+01,   1.81774521e+01,  -5.38933468e+00,   1.03598804e+01, 
              2.88074322e+01,  -5.29264212e+00,   2.27481461e+00,   2.51834035e+00,  -7.39506149e+00, 
              2.29491329e+01,   1.31570854e+01,  -1.03662932e+00,   1.02134619e+01,   2.65318990e+00, 
             -9.96507704e-01,   2.23626423e+00,   2.87107258e+01,  -1.08449483e+00,   2.30475998e+00, 
              1.84789906e+01,  -1.08124065e+00,   1.03426180e+01,   2.88991146e+01,  -7.40275431e+00, 
              2.28701191e+01,   2.08709434e-01,  -3.28631663e+00,   2.35984249e+01,   3.14191914e+01, 
             -9.43166161e+00,   1.67248583e+00,   2.46169147e+01,  -7.17787409e+00,   1.98153362e+01, 
              2.56903229e+01,  -9.50316048e+00,   2.06952705e+01,   2.45572128e+01,  -1.17849541e+01, 
              1.99239693e+01,   2.25668736e+01,  -1.18574467e+01,   1.82228470e+01,   2.14816360e+01, 
             -9.43669701e+00,   1.73774033e+01,   2.25672531e+01,  -7.17293549e+00,   1.82034664e+01, 
              1.92999439e+01,  -9.56366539e+00,   1.56555519e+01,   2.78437080e+01,  -9.56784725e+00, 
              2.23651409e+01,   1.21729612e+01,  -9.54339504e+00,   1.56254435e+01,   1.00183306e+01, 
             -9.55775833e+00,   1.73137856e+01,   9.00316620e+00,  -7.33581066e+00,   1.82916050e+01, 
              6.86458683e+00,  -7.36472750e+00,   1.97325764e+01,   5.67817879e+00,  -9.56991100e+00, 
              2.04614124e+01,   6.80520391e+00,  -1.17627745e+01,   1.97569542e+01,   8.87883949e+00, 
             -1.17228241e+01,   1.81843643e+01,   3.48082972e+00,  -9.52402782e+00,   2.22183552e+01, 
              1.22148190e+01,  -3.21285772e+00,   9.75527859e+00,   9.96411705e+00,  -3.35470533e+00, 
              8.09942627e+00,   8.85197067e+00,  -9.82051432e-01,   7.38934517e+00,   6.79459476e+00, 
             -9.13495481e-01,   5.64588737e+00,   5.72202826e+00,  -3.14857125e+00,   4.78756094e+00, 
              6.82191610e+00,  -5.47593164e+00,   5.68466711e+00,   8.89058399e+00,  -5.62588215e+00, 
              7.12743378e+00,   3.53381801e+00,  -3.18182015e+00,   2.95019722e+00,   1.92660141e+01, 
             -3.38403559e+00,   9.67608643e+00,   2.14218445e+01,  -3.18011594e+00,   7.96193647e+00, 
              2.25033321e+01,  -5.46699095e+00,   7.09485722e+00,   2.45123634e+01,  -5.49367380e+00, 
              5.47870731e+00,   2.55933685e+01,  -3.14042211e+00,   4.65700912e+00,   2.46037521e+01, 
             -8.92953932e-01,   5.48007345e+00,   2.25513840e+01,  -8.63650560e-01,   7.04537392e+00, 
              2.77387486e+01,  -3.24081326e+00,   2.93010807e+00,   2.51761150e+01,  -7.39656067e+00, 
              4.87851286e+00,   2.17008724e+01,  -7.37006521e+00,   7.54571056e+00,   2.55637894e+01, 
             -5.39734077e+00,   2.03072128e+01,   2.19878197e+01,  -5.46420336e+00,   1.73864021e+01, 
              1.55047436e+01,  -9.50801277e+00,   9.43764973e+00,   1.60542984e+01,  -2.89980674e+00, 
              1.58694973e+01,  -1.68062389e-01,  -3.42296886e+00,   2.18931065e+01,   3.18018284e+01, 
             -9.49944878e+00,   3.40389252e+00,   9.77637291e+00,  -7.35037327e+00,   7.72797585e+00, 
              6.01867962e+00,  -7.15365887e+00,   5.12794781e+00,   6.13059139e+00,  -5.60302782e+00, 
              2.02412987e+01,   9.69568539e+00,  -5.47842979e+00,   1.75115089e+01,   5.90817928e+00, 
              9.74991381e-01,   5.55311728e+00,   9.58275604e+00,   6.83339298e-01,   8.01827526e+00, 
              9.43305302e+00,  -1.35220470e+01,   1.74834805e+01,   6.18932962e+00,  -1.35401611e+01, 
              2.03531113e+01,   2.19947586e+01,  -1.37723398e+01,   1.76443615e+01,   2.54376392e+01, 
             -1.35614643e+01,   2.05665970e+01,   2.18163948e+01,   8.62209976e-01,   7.93354416e+00, 
              2.53137016e+01,   7.38493919e-01,   4.62052155e+00,   1.57732258e+01,   2.59714015e-02, 
              1.26198235e+01,   1.58247128e+01,   6.25383997e+00,   1.27051764e+01,  -3.99427712e-02, 
              6.43779659e+00,   2.22203992e-02,  -5.36080562e-02,  -8.18254799e-02,   4.23306078e-02, 
              1.84610672e+01,   1.13920987e+00,   1.49852057e+01,   1.56834650e+01,   3.09638953e+00, 
              1.09913130e+01,   1.57719288e+01,   9.50798321e+00,   1.42608862e+01,   2.88566437e+01, 
              1.01132214e+00,   2.29491940e+01,   1.30948353e+01,   1.07123780e+00,   1.49123421e+01, 
              2.60423970e+00,   1.00191355e+00,   2.30537796e+01,   1.33145351e+01,   5.24519587e+00, 
              1.49626608e+01,   1.32106638e+01,   7.32185555e+00,   1.02708311e+01,   2.58335423e+00, 
              7.39897537e+00,   2.22403646e+00,   1.84244881e+01,   5.29858971e+00,   1.50382757e+01, 
              1.82259445e+01,   7.33753300e+00,   1.04043427e+01,   2.88061218e+01,   7.32334471e+00, 
              2.34793067e+00,   2.75834036e+00,   5.22555828e+00,   2.30181084e+01,   1.32106047e+01, 
              1.16169329e+01,   1.03265238e+01,   2.71427441e+00,   1.15345716e+01,   2.14615750e+00, 
              2.88973007e+01,   1.17151890e+01,   2.25301194e+00,   1.83981476e+01,   1.15335197e+01, 
              1.03080788e+01,   2.89148617e+01,   5.28571653e+00,   2.29506130e+01,   2.29526401e-01, 
              9.49174881e+00,   2.37279415e+01,   3.14128609e+01,   3.16615701e+00,   1.60549700e+00, 
              2.47173100e+01,   5.41442299e+00,   1.98536301e+01,   2.58259220e+01,   3.05629182e+00, 
              2.06102562e+01,   2.47306099e+01,   7.43967891e-01,   2.00066452e+01,   2.25519218e+01, 
              7.98574686e-01,   1.83102703e+01,   2.15659218e+01,   3.13890672e+00,   1.73690395e+01, 
              2.27321663e+01,   5.39568090e+00,   1.82042217e+01,   1.93177605e+01,   3.17641091e+00, 
              1.56432695e+01,   2.80256214e+01,   3.14959359e+00,   2.23790073e+01,   1.22507563e+01, 
              3.12420774e+00,   1.55408087e+01,   1.00326366e+01,   3.09814501e+00,   1.72778225e+01, 
              8.95878410e+00,   5.31422424e+00,   1.80976982e+01,   6.94944334e+00,   5.29249668e+00, 
              1.97957058e+01,   5.72043848e+00,   3.02845836e+00,   2.05456238e+01,   6.89268970e+00, 
              7.00693727e-01,   1.97133026e+01,   8.93997097e+00,   7.31493831e-01,   1.82031803e+01, 
              3.58732939e+00,   3.09557319e+00,   2.23493557e+01,   1.23001499e+01,   9.44590855e+00, 
              9.75681400e+00,   1.00579929e+01,   9.46070862e+00,   8.06392765e+00,   8.88760853e+00, 
              1.17219954e+01,   7.10832977e+00,   6.94303226e+00,   1.16008663e+01,   5.50846958e+00, 
              5.78033686e+00,   9.44261360e+00,   4.73408794e+00,   6.89179420e+00,   7.15437603e+00, 
              5.58741045e+00,   9.03103065e+00,   7.19062471e+00,   7.23980904e+00,   3.59208059e+00, 
              9.48441792e+00,   2.95806098e+00,   1.92802887e+01,   9.42792320e+00,   9.75742054e+00, 
              2.15274696e+01,   9.42126942e+00,   7.95901775e+00,   2.26653442e+01,   7.14072943e+00, 
              7.09251738e+00,   2.46775208e+01,   7.14799976e+00,   5.45971632e+00,   2.58855209e+01, 
              9.43674660e+00,   4.74669981e+00,   2.46523438e+01,   1.16544533e+01,   5.59289694e+00, 
              2.26298275e+01,   1.17260876e+01,   7.16400957e+00,   2.79536190e+01,   9.63440990e+00, 
              2.84512877e+00,   2.55845661e+01,   5.37101316e+00,   4.89497852e+00,   2.18817215e+01, 
              5.37512207e+00,   7.66217947e+00,   2.54795761e+01,   7.17374706e+00,   2.02638264e+01, 
              2.20093079e+01,   7.20099831e+00,   1.74128170e+01,   1.53722429e+01,   3.23623562e+00, 
              9.31299782e+00,   1.56847830e+01,   9.44948101e+00,   1.60583305e+01,   3.08638662e-01, 
              9.54108810e+00,   2.18895264e+01,   3.13051872e+01,   3.23506165e+00,   3.18597317e+00, 
              9.77036190e+00,   5.25357723e+00,   7.86437941e+00,   6.08420181e+00,   5.27466202e+00, 
              4.95610428e+00,   6.22156382e+00,   7.17764235e+00,   2.02580376e+01,   9.83679771e+00, 
              6.98584270e+00,   1.75049934e+01,   6.39109516e+00,   1.35042915e+01,   4.70516396e+00, 
              9.61987972e+00,   1.34221277e+01,   7.94128895e+00,   9.94345760e+00,  -9.67960954e-01, 
              1.76940117e+01,   5.89211607e+00,  -8.82511914e-01,   2.02577133e+01,   2.17639790e+01, 
             -7.91410685e-01,   1.75812168e+01,   2.56930733e+01,  -8.96318674e-01,   2.05981712e+01, 
              2.17377243e+01,   1.34818602e+01,   7.67239666e+00,   2.54185944e+01,   1.35077877e+01, 
              4.74691582e+00,   1.57084503e+01,  -1.27124634e+01,   1.27528162e+01,   1.57239056e+01, 
             -6.34847736e+00,   1.26561222e+01,  -3.95665020e-02,  -6.24285793e+00,  -5.25937825e-02, 
             -3.36663462e-02,  -1.25960112e+01,   3.65476832e-02,   1.83601570e+01,  -1.16579638e+01, 
              1.49000139e+01,   1.56761065e+01,  -9.54775333e+00,   1.09617338e+01,   1.57033167e+01, 
             -3.14939857e+00,   1.43617659e+01,   2.89196510e+01,  -1.16061516e+01,   2.29874725e+01, 
              1.31299629e+01,  -1.16830711e+01,   1.50232849e+01,   2.50597763e+00,  -1.15441265e+01, 
              2.29799290e+01,   1.30760193e+01,  -7.35654926e+00,   1.48143749e+01,   1.31972141e+01, 
             -5.33236885e+00,   1.03014135e+01,   2.51618767e+00,  -5.19811440e+00,   2.26430941e+00, 
              1.83780994e+01,  -7.40505314e+00,   1.50048552e+01,   1.82673702e+01,  -5.39736652e+00, 
              1.04568329e+01,   2.87244682e+01,  -5.34815502e+00,   2.21879792e+00,   2.63095880e+00, 
             -7.40028524e+00,   2.29568272e+01,   1.31328001e+01,  -1.07347739e+00,   1.01437521e+01, 
              2.58085942e+00,  -9.76627290e-01,   2.22274041e+00,   2.87090321e+01,  -1.11218405e+00, 
              2.25949144e+00,   1.83643646e+01,  -1.08641291e+00,   1.03948803e+01,   2.88623409e+01, 
             -7.49963045e+00,   2.29619961e+01,   1.85658440e-01,  -3.20408177e+00,   2.36058502e+01, 
              3.14942513e+01,  -9.42927456e+00,   1.58243465e+00,   2.46121483e+01,  -7.24792194e+00, 
              1.98885059e+01,   2.56581039e+01,  -9.54864693e+00,   2.07044029e+01,   2.45998955e+01, 
             -1.17970867e+01,   1.99160633e+01,   2.26557465e+01,  -1.18898563e+01,   1.81608105e+01, 
              2.14755402e+01,  -9.53903961e+00,   1.73491039e+01,   2.25650349e+01,  -7.21260595e+00, 
              1.81716862e+01,   1.93929920e+01,  -9.61351776e+00,   1.55198736e+01,   2.80135040e+01, 
             -9.56557465e+00,   2.24172287e+01,   1.23429337e+01,  -9.47936440e+00,   1.56006517e+01, 
              1.00252457e+01,  -9.59445953e+00,   1.73347626e+01,   8.97656822e+00,  -7.27320766e+00, 
              1.82125072e+01,   6.85698175e+00,  -7.20968914e+00,   1.98278770e+01,   5.71625805e+00, 
             -9.59300995e+00,   2.05575333e+01,   6.83783770e+00,  -1.19242640e+01,   1.97417011e+01, 
              8.87526512e+00,  -1.17832289e+01,   1.82303772e+01,   3.53295279e+00,  -9.45267487e+00, 
              2.21855412e+01,   1.23023043e+01,  -3.17583680e+00,   9.64719582e+00,   9.90030575e+00, 
             -3.27830410e+00,   8.03047657e+00,   8.91461182e+00,  -9.61311579e-01,   7.29541540e+00, 
              6.83629036e+00,  -9.25414324e-01,   5.55264902e+00,   5.79573870e+00,  -3.18188286e+00, 
              4.79529810e+00,   6.82236290e+00,  -5.53905153e+00,   5.56914520e+00,   8.91572666e+00, 
             -5.53328991e+00,   7.28285265e+00,   3.54301715e+00,  -3.07643819e+00,   2.99469995e+00, 
              1.92002029e+01,  -3.26417112e+00,   9.74789047e+00,   2.14852657e+01,  -3.10032678e+00, 
              7.95409584e+00,   2.24523869e+01,  -5.45067692e+00,   6.99110365e+00,   2.45342503e+01, 
             -5.51900959e+00,   5.47607756e+00,   2.55994911e+01,  -3.23738527e+00,   4.69952774e+00, 
              2.45916023e+01,  -8.97925794e-01,   5.45851564e+00,   2.24980469e+01,  -9.33978379e-01, 
              7.07370853e+00,   2.77963219e+01,  -3.25415993e+00,   2.92640424e+00,   2.55276375e+01, 
             -7.37416458e+00,   4.93247175e+00,   2.13581982e+01,  -7.04844475e+00,   7.22695351e+00, 
              2.53613262e+01,  -5.54164553e+00,   2.04518223e+01,   2.20495148e+01,  -5.45129919e+00, 
              1.76263447e+01,   1.54410629e+01,  -9.36974049e+00,   9.10968399e+00,   1.62600098e+01, 
             -3.20828795e+00,   1.58403521e+01,  -4.95309353e-01,  -3.15368152e+00,   2.19037552e+01, 
              3.15010967e+01,  -9.17879581e+00,   3.24153399e+00,   9.76854515e+00,  -7.33065367e+00, 
              7.96635342e+00,   6.05199671e+00,  -7.28471041e+00,   4.69747305e+00,   6.08416700e+00, 
             -5.38520479e+00,   2.05480652e+01,   9.89554977e+00,  -5.47757864e+00,   1.74634743e+01, 
              6.09568691e+00,   9.43201184e-01,   5.01186514e+00,   9.74556255e+00,   7.20542908e-01, 
              8.00462818e+00,   9.99250984e+00,  -1.34946661e+01,   1.81878700e+01,   6.06252432e+00, 
             -1.36245317e+01,   2.02816544e+01,   2.20993881e+01,  -1.37138615e+01,   1.75344830e+01, 
              2.55748539e+01,  -1.34661493e+01,   2.03266315e+01,   2.17241840e+01,   8.33658993e-01, 
              7.47727156e+00,   2.54190559e+01,   6.54373765e-01,   4.78281212e+00,   1.58398209e+01, 
              2.58939154e-02,   1.26391687e+01,   1.58962669e+01,   6.28634739e+00,   1.26903534e+01, 
             -7.10057989e-02,   6.38949728e+00,   2.09622737e-02,  -7.86306243e-03,  -8.34611952e-02, 
              1.44951278e-02,   1.84863796e+01,   1.03173208e+00,   1.49574852e+01,   1.57549391e+01, 
              3.10096025e+00,   1.09896669e+01,   1.57980289e+01,   9.44083691e+00,   1.43170710e+01, 
              2.88220863e+01,   1.02108455e+00,   2.30826969e+01,   1.31508064e+01,   1.02430964e+00, 
              1.49661026e+01,   2.67917943e+00,   1.01351929e+00,   2.30869770e+01,   1.33254013e+01, 
              5.20585394e+00,   1.50417366e+01,   1.31858339e+01,   7.36528015e+00,   1.05176086e+01, 
              2.66324830e+00,   7.37414646e+00,   2.25044465e+00,   1.84340477e+01,   5.17345667e+00, 
              1.51652069e+01,   1.83562469e+01,   7.22630596e+00,   1.04696617e+01,   2.88408337e+01, 
              7.51504421e+00,   2.33590364e+00,   2.74124980e+00,   5.12795544e+00,   2.29338856e+01, 
              1.31409407e+01,   1.15121326e+01,   1.03750000e+01,   2.81623721e+00,   1.15950346e+01, 
              2.20867610e+00,   2.89145432e+01,   1.16873493e+01,   2.31076527e+00,   1.84658184e+01, 
              1.14816065e+01,   1.04203682e+01,   2.89652863e+01,   5.30463600e+00,   2.29501839e+01, 
              1.30467400e-01,   9.51304817e+00,   2.37279987e+01,   3.14480076e+01,   3.17758894e+00, 
              1.72907209e+00,   2.47504406e+01,   5.36167622e+00,   1.98392792e+01,   2.58090744e+01, 
              3.05385303e+00,   2.06320477e+01,   2.47939110e+01,   7.52925038e-01,   1.98215179e+01, 
              2.25539055e+01,   8.70485425e-01,   1.82527313e+01,   2.15669441e+01,   3.05586433e+00, 
              1.74336967e+01,   2.27302570e+01,   5.40801048e+00,   1.81889877e+01,   1.93282967e+01, 
              3.11082053e+00,   1.56899557e+01,   2.80269928e+01,   3.17299247e+00,   2.24390392e+01, 
              1.23011560e+01,   3.13184690e+00,   1.55757675e+01,   1.00213385e+01,   3.12608886e+00, 
              1.74030342e+01,   8.93680096e+00,   5.36266327e+00,   1.81449947e+01,   6.91054296e+00, 
              5.37049866e+00,   1.98972168e+01,   5.80708694e+00,   3.09761715e+00,   2.05246315e+01, 
              6.90368509e+00,   7.36709356e-01,   1.96424961e+01,   9.03199673e+00,   7.82584965e-01, 
              1.81860466e+01,   3.64147687e+00,   3.05590534e+00,   2.23847198e+01,   1.22638416e+01, 
              9.45702076e+00,   9.77699471e+00,   1.00259619e+01,   9.56348038e+00,   8.00739861e+00, 
              8.91888714e+00,   1.17283421e+01,   7.10195351e+00,   6.88961172e+00,   1.17410564e+01, 
              5.45788813e+00,   5.84689379e+00,   9.50704956e+00,   4.72192240e+00,   6.85004330e+00, 
              7.22808123e+00,   5.68995714e+00,   8.91678524e+00,   7.30336428e+00,   7.18432570e+00, 
              3.64008331e+00,   9.45401955e+00,   2.88286042e+00,   1.92729816e+01,   9.29528141e+00, 
              9.67390537e+00,   2.15874977e+01,   9.36757946e+00,   7.94589472e+00,   2.26739597e+01, 
              7.11997271e+00,   7.04247427e+00,   2.45948544e+01,   7.20615864e+00,   5.44430637e+00, 
              2.57683563e+01,   9.45358849e+00,   4.63009167e+00,   2.47216148e+01,   1.18108406e+01, 
              5.55177450e+00,   2.25814362e+01,   1.16947260e+01,   7.14008522e+00,   2.79476414e+01, 
              9.54127216e+00,   2.89791727e+00,   2.50729542e+01,   5.50419998e+00,   4.52277470e+00, 
              2.20239220e+01,   5.20959663e+00,   7.81283188e+00,   2.56402969e+01,   7.03186989e+00, 
              2.05172119e+01,   2.20368137e+01,   7.12380171e+00,   1.74984970e+01,   1.54487638e+01, 
              2.94529676e+00,   9.41730309e+00,   1.57144337e+01,   9.42168522e+00,   1.59126329e+01, 
              3.73739839e-01,   9.45637035e+00,   2.20269699e+01,   3.18174152e+01,   2.97106791e+00, 
              3.48267698e+00,   9.54293156e+00,   5.62593937e+00,   8.13930511e+00,   6.16806746e+00, 
              5.53183889e+00,   5.22755337e+00,   6.09523535e+00,   7.05909824e+00,   2.06552124e+01, 
              9.74536610e+00,   7.18987036e+00,   1.76353855e+01,   6.18535805e+00,   1.34464025e+01, 
              4.87138748e+00,   9.79800224e+00,   1.33098803e+01,   7.73029327e+00,   9.67324924e+00, 
             -1.00382853e+00,   1.76896591e+01,   5.80661297e+00,  -1.00859618e+00,   2.03505821e+01, 
              2.19659290e+01,  -9.88376260e-01,   1.77501850e+01,   2.54859142e+01,  -1.01111257e+00, 
              2.04241600e+01,   2.20568333e+01,   1.37053833e+01,   8.04814243e+00,   2.54951267e+01, 
              1.35180187e+01,   5.14306402e+00,   1.57044582e+01,  -1.27250443e+01,   1.26812229e+01, 
              1.57965727e+01,  -6.32510948e+00,   1.27169352e+01,  -5.30035980e-02,  -6.26783705e+00, 
             -1.27145164e-02,  -8.45102668e-02,  -1.26340570e+01,   2.52021756e-02,   1.83904686e+01, 
             -1.16752195e+01,   1.50385303e+01,   1.57482767e+01,  -9.53541470e+00,   1.09985418e+01, 
              1.57011051e+01,  -3.11917305e+00,   1.42742567e+01,   2.89532623e+01,  -1.16913023e+01, 
              2.29588070e+01,   1.31815052e+01,  -1.16848907e+01,   1.50199118e+01,   2.64044714e+00, 
             -1.16363831e+01,   2.28654919e+01,   1.31389780e+01,  -7.44711447e+00,   1.48978338e+01, 
              1.32179546e+01,  -5.30744839e+00,   1.03220243e+01,   2.50427532e+00,  -5.19473267e+00, 
              2.22462106e+00,   1.83001938e+01,  -7.50850630e+00,   1.49750948e+01,   1.82244644e+01, 
             -5.38454819e+00,   1.03979282e+01,   2.87975903e+01,  -5.34666681e+00,   2.23258209e+00, 
              2.58697391e+00,  -7.41466618e+00,   2.29746304e+01,   1.32198524e+01,  -1.06272900e+00, 
              1.01573820e+01,   2.60822082e+00,  -1.08405900e+00,   2.19189405e+00,   2.86188488e+01, 
             -1.08897519e+00,   2.18360090e+00,   1.84731197e+01,  -1.13076353e+00,   1.04720182e+01, 
              2.88766918e+01,  -7.42978811e+00,   2.29378185e+01,   2.23848954e-01,  -3.21299148e+00, 
              2.36664982e+01,   3.13991795e+01,  -9.44153404e+00,   1.61842370e+00,   2.46828671e+01, 
             -7.19926977e+00,   1.97589664e+01,   2.56451683e+01,  -9.54536438e+00,   2.05776749e+01, 
              2.45782356e+01,  -1.18129444e+01,   1.97812538e+01,   2.26295452e+01,  -1.18490925e+01, 
              1.80995865e+01,   2.15682526e+01,  -9.52378273e+00,   1.73044815e+01,   2.25722618e+01, 
             -7.21828270e+00,   1.82699833e+01,   1.93344784e+01,  -9.52193069e+00,   1.55564461e+01, 
              2.80428467e+01,  -9.52915859e+00,   2.24225979e+01,   1.22789660e+01,  -9.50702763e+00, 
              1.56240358e+01,   9.99458981e+00,  -9.54038048e+00,   1.71876068e+01,   8.90783119e+00, 
             -7.27555943e+00,   1.81620998e+01,   6.79363823e+00,  -7.19147635e+00,   1.97713642e+01, 
              5.74224567e+00,  -9.45624638e+00,   2.05545826e+01,   6.89076853e+00,  -1.18265085e+01, 
              1.97577972e+01,   8.96115685e+00,  -1.17917881e+01,   1.82479210e+01,   3.45885372e+00, 
             -9.48709202e+00,   2.22209339e+01,   1.23206348e+01,  -3.18054581e+00,   9.64601040e+00, 
              9.95732689e+00,  -3.18019676e+00,   8.02958870e+00,   8.92457390e+00,  -9.08067763e-01, 
              7.31164360e+00,   6.80333900e+00,  -9.53252494e-01,   5.86318016e+00,   5.69782209e+00, 
             -3.22604585e+00,   4.72324610e+00,   6.81996298e+00,  -5.50301790e+00,   5.53393984e+00, 
              8.87288189e+00,  -5.48677444e+00,   7.21671677e+00,   3.56323457e+00,  -3.07051969e+00, 
              2.97969866e+00,   1.91697845e+01,  -3.20762300e+00,   9.71512222e+00,   2.14604187e+01, 
             -3.29137826e+00,   7.92899084e+00,   2.24359112e+01,  -5.37673998e+00,   7.01308918e+00, 
              2.45637474e+01,  -5.50100946e+00,   5.40410995e+00,   2.56500206e+01,  -3.21713901e+00, 
              4.55796432e+00,   2.45382004e+01,  -9.02141750e-01,   5.47414255e+00,   2.24502373e+01, 
             -8.30582380e-01,   7.02820301e+00,   2.78226986e+01,  -3.14564371e+00,   2.95712996e+00, 
              2.53771076e+01,  -7.13621712e+00,   4.91652536e+00,   2.17269382e+01,  -7.04360628e+00, 
              7.98873711e+00,   2.51756020e+01,  -5.42123032e+00,   2.06153183e+01,   2.16517639e+01, 
             -5.49542570e+00,   1.77602615e+01,   1.53157406e+01,  -9.61871338e+00,   9.40948391e+00, 
              1.56141872e+01,  -3.16702104e+00,   1.59846954e+01,  -6.33823797e-02,  -3.37194300e+00, 
              2.20551586e+01,   3.11957073e+01,  -9.33859062e+00,   3.20608711e+00,   9.99740982e+00, 
             -7.25762558e+00,   7.73592091e+00,   6.10499287e+00,  -7.37821388e+00,   4.84096241e+00, 
              6.00038052e+00,  -5.37841940e+00,   2.02739868e+01,   9.58358479e+00,  -5.53411770e+00, 
              1.76348839e+01,   6.00073719e+00,   8.44832361e-01,   4.97372007e+00,   9.76032448e+00, 
              8.08420837e-01,   8.03199673e+00,   9.56111431e+00,  -1.35301952e+01,   1.73925037e+01, 
              6.06523085e+00,  -1.35884838e+01,   2.06150055e+01,   2.17894897e+01,  -1.35498743e+01, 
              1.72691708e+01,   2.54563084e+01,  -1.36205997e+01,   2.01629524e+01,   2.16862373e+01, 
              9.94641364e-01,   7.48373699e+00,   2.53943291e+01,   8.15134287e-01,   4.85289478e+00, 
              1.57574711e+01,   6.46903366e-03,   1.26073570e+01,   1.59387321e+01,   6.30474043e+00, 
              1.26809740e+01,  -9.40556824e-02,   6.28949928e+00,  -5.93745615e-03,   3.84801142e-02, 
              2.59937346e-03,  -6.07122630e-02,   1.84995155e+01,   1.09642446e+00,   1.50150061e+01, 
              1.57539167e+01,   3.05504251e+00,   1.09725599e+01,   1.58770599e+01,   9.41239452e+00, 
              1.43271170e+01,   2.88947678e+01,   1.05900395e+00,   2.30609646e+01,   1.31795120e+01, 
              1.04595590e+00,   1.48830090e+01,   2.72904181e+00,   1.01610708e+00,   2.31268311e+01, 
              1.32253513e+01,   5.12891054e+00,   1.50037451e+01,   1.32707396e+01,   7.29630947e+00, 
              1.03175402e+01,   2.63009238e+00,   7.36952877e+00,   2.35270953e+00,   1.83736916e+01, 
              5.25267315e+00,   1.50617857e+01,   1.84341125e+01,   7.34006023e+00,   1.05162315e+01, 
              2.87877235e+01,   7.47084951e+00,   2.11389232e+00,   2.77477169e+00,   5.25664997e+00, 
              2.29522438e+01,   1.32243853e+01,   1.15652018e+01,   1.03710279e+01,   2.73012781e+00, 
              1.15287485e+01,   2.32910895e+00,   2.89784927e+01,   1.16684513e+01,   2.36740041e+00, 
              1.84170227e+01,   1.15040092e+01,   1.03497562e+01,   2.89639339e+01,   5.29689074e+00, 
              2.29463711e+01,   6.41546547e-02,   9.46177864e+00,   2.37751560e+01,   3.13513718e+01, 
              3.18324780e+00,   1.67935479e+00,   2.47438869e+01,   5.35917854e+00,   1.98829117e+01, 
              2.58882046e+01,   3.19365907e+00,   2.06604805e+01,   2.47723732e+01,   8.60278964e-01, 
              1.98576164e+01,   2.26792450e+01,   7.72399426e-01,   1.83109035e+01,   2.15796471e+01, 
              3.00538468e+00,   1.73773022e+01,   2.27020454e+01,   5.33246183e+00,   1.81874294e+01, 
              1.93912277e+01,   3.15594888e+00,   1.56835432e+01,   2.79823284e+01,   3.17462087e+00, 
              2.24677906e+01,   1.22652197e+01,   3.13360190e+00,   1.56546125e+01,   1.00974236e+01, 
              3.10842037e+00,   1.73887272e+01,   8.97667694e+00,   5.36052132e+00,   1.82259178e+01, 
              6.92655134e+00,   5.33883858e+00,   1.98690662e+01,   5.85235071e+00,   3.04579234e+00, 
              2.06639900e+01,   6.82203293e+00,   7.21614838e-01,   1.96691513e+01,   8.96372890e+00, 
              7.68764377e-01,   1.80597172e+01,   3.57667446e+00,   3.07479930e+00,   2.23046398e+01, 
              1.23560734e+01,   9.40561771e+00,   9.65818310e+00,   1.01349430e+01,   9.52813148e+00, 
              7.98252153e+00,   9.05967045e+00,   1.17369356e+01,   7.05872631e+00,   6.96147346e+00, 
              1.16608067e+01,   5.51898193e+00,   5.65888453e+00,   9.40885544e+00,   4.64540958e+00, 
              6.75590611e+00,   7.16131210e+00,   5.52465391e+00,   8.82490158e+00,   7.30789709e+00, 
              7.18706989e+00,   3.51262760e+00,   9.47546101e+00,   2.92758298e+00,   1.92283401e+01, 
              9.37115288e+00,   9.72674465e+00,   2.15246315e+01,   9.40750790e+00,   7.93898582e+00, 
              2.26074829e+01,   7.17384005e+00,   7.19546270e+00,   2.46131592e+01,   7.22453117e+00, 
              5.41925097e+00,   2.57986755e+01,   9.51630783e+00,   4.60576010e+00,   2.47428398e+01, 
              1.17048645e+01,   5.56388617e+00,   2.26513309e+01,   1.17270832e+01,   7.18052626e+00, 
              2.79547596e+01,   9.57514095e+00,   2.82167697e+00,   2.55581646e+01,   5.46882677e+00, 
              4.98547554e+00,   2.19141960e+01,   5.32171440e+00,   7.70902872e+00,   2.54176407e+01, 
              7.09541512e+00,   2.07249813e+01,   2.17989311e+01,   7.12582874e+00,   1.72630215e+01, 
              1.55796156e+01,   3.05561447e+00,   9.16471481e+00,   1.57581720e+01,   9.64804745e+00, 
              1.61076164e+01,  -2.04972655e-01,   9.40176773e+00,   2.20266495e+01,   3.16853676e+01, 
              3.25476885e+00,   3.33437443e+00,   9.40416431e+00,   5.47589397e+00,   8.01479721e+00, 
              6.11682415e+00,   5.08349419e+00,   4.96053505e+00,   5.87333441e+00,   7.07787943e+00, 
              2.04664803e+01,   9.91782951e+00,   6.88131428e+00,   1.77095680e+01,   5.95734501e+00, 
              1.34196339e+01,   4.67397594e+00,   1.00768843e+01,   1.34770575e+01,   7.27147102e+00, 
              9.71078968e+00,  -1.12062299e+00,   1.73506546e+01,   6.14134836e+00,  -9.81108487e-01, 
              2.03007469e+01,   2.16286182e+01,  -8.39008093e-01,   1.75572033e+01,   2.55669632e+01, 
             -8.09565902e-01,   2.07134628e+01,   2.18473129e+01,   1.35046492e+01,   7.75223732e+00, 
              2.56629410e+01,   1.34890804e+01,   4.98281574e+00,   1.57240353e+01,  -1.27425976e+01, 
              1.26306276e+01,   1.58023109e+01,  -6.32071590e+00,   1.27020493e+01,   1.88269988e-02, 
             -6.35368156e+00,  -6.39968663e-02,   1.62778571e-02,  -1.25943689e+01,  -2.94880196e-02, 
              1.84942818e+01,  -1.16473112e+01,   1.50876608e+01,   1.57522116e+01,  -9.55308247e+00, 
              1.09740114e+01,   1.57294378e+01,  -3.17185998e+00,   1.42591066e+01,   2.88870506e+01, 
             -1.16463242e+01,   2.30899010e+01,   1.32187805e+01,  -1.15454502e+01,   1.49803352e+01, 
              2.64245653e+00,  -1.15556850e+01,   2.29887714e+01,   1.31874504e+01,  -7.43108463e+00, 
              1.49402046e+01,   1.31545277e+01,  -5.36449718e+00,   1.03643408e+01,   2.56943274e+00, 
             -5.11809921e+00,   2.22693253e+00,   1.84374294e+01,  -7.49391747e+00,   1.49362936e+01, 
              1.82917042e+01,  -5.39345551e+00,   1.03267593e+01,   2.88110580e+01,  -5.28870678e+00, 
              2.30587554e+00,   2.51678348e+00,  -7.44405890e+00,   2.28798847e+01,   1.32130251e+01, 
             -1.02253020e+00,   1.02363348e+01,   2.71731639e+00,  -1.02173567e+00,   2.22298455e+00, 
              2.86478939e+01,  -1.12432957e+00,   2.23629475e+00,   1.84550705e+01,  -1.17028666e+00, 
              1.04553242e+01,   2.88114758e+01,  -7.46338606e+00,   2.29263172e+01,   2.16223225e-01, 
             -3.24689698e+00,   2.36341858e+01,   3.14563675e+01,  -9.40797901e+00,   1.60419536e+00, 
              2.46533165e+01,  -7.22198963e+00,   1.98148098e+01,   2.57596397e+01,  -9.45682907e+00, 
              2.05969238e+01,   2.45822220e+01,  -1.18389969e+01,   1.97843761e+01,   2.25358124e+01, 
             -1.18093243e+01,   1.82302570e+01,   2.14615631e+01,  -9.56270599e+00,   1.73989124e+01, 
              2.24824238e+01,  -7.24288416e+00,   1.83110180e+01,   1.92739544e+01,  -9.51068306e+00, 
              1.55806971e+01,   2.78810921e+01,  -9.54947853e+00,   2.24951820e+01,   1.22529335e+01, 
             -9.44899940e+00,   1.55460291e+01,   1.00723038e+01,  -9.49061775e+00,   1.74059563e+01, 
              8.90956497e+00,  -7.25463581e+00,   1.82050648e+01,   6.79955339e+00,  -7.24415493e+00, 
              1.97215042e+01,   5.79449463e+00,  -9.53253555e+00,   2.05312462e+01,   6.90091467e+00, 
             -1.18682852e+01,   1.98574238e+01,   8.96995735e+00,  -1.18305387e+01,   1.82035179e+01, 
              3.37090206e+00,  -9.47592926e+00,   2.22415791e+01,   1.22221136e+01,  -3.20606828e+00, 
              9.76898193e+00,   9.97436619e+00,  -3.21801805e+00,   8.07283878e+00,   8.81361580e+00, 
             -9.51636434e-01,   7.28468943e+00,   6.77313900e+00,  -1.01597130e+00,   5.74892187e+00, 
              5.67660379e+00,  -3.20269537e+00,   4.71908140e+00,   6.84218121e+00,  -5.56313372e+00, 
              5.43745804e+00,   8.85264874e+00,  -5.51614189e+00,   7.09826040e+00,   3.48011518e+00, 
             -3.05283666e+00,   3.02855682e+00,   1.92400436e+01,  -3.31753778e+00,   9.72847748e+00, 
              2.14654102e+01,  -3.18887734e+00,   7.93731022e+00,   2.24164677e+01,  -5.53412724e+00, 
              6.94222307e+00,   2.45167217e+01,  -5.48694992e+00,   5.44935179e+00,   2.55708237e+01, 
             -3.21519327e+00,   4.65289497e+00,   2.45104561e+01,  -1.00699210e+00,   5.40357542e+00, 
              2.25763893e+01,  -8.81340206e-01,   7.12423706e+00,   2.78060493e+01,  -3.18841410e+00, 
              2.98153329e+00,   2.54747047e+01,  -7.17820358e+00,   4.68272638e+00,   2.16939945e+01, 
             -7.22411728e+00,   7.80434513e+00,   2.53557720e+01,  -5.36713743e+00,   2.05446682e+01, 
              2.17193108e+01,  -5.45094728e+00,   1.77793598e+01,   1.54948883e+01,  -9.63791370e+00, 
              9.36626816e+00,   1.58378344e+01,  -3.09264874e+00,   1.59735155e+01,  -2.45813012e-01, 
             -3.21744990e+00,   2.20484161e+01,   3.11632938e+01,  -9.42669964e+00,   3.36131024e+00, 
              9.78977966e+00,  -7.39455748e+00,   7.33825493e+00,   5.98328352e+00,  -7.34918451e+00, 
              4.80468035e+00,   6.14297915e+00,  -5.34416151e+00,   2.02660255e+01,   9.66979218e+00, 
             -5.56331587e+00,   1.76378365e+01,   6.12820721e+00,   8.58198762e-01,   4.96740675e+00, 
              9.74771786e+00,   7.19610572e-01,   8.09401417e+00,   9.51532555e+00,  -1.35125475e+01, 
              1.73114357e+01,   5.99625826e+00,  -1.36215219e+01,   2.03771133e+01,   2.20335464e+01, 
             -1.36311913e+01,   1.73899364e+01,   2.54286671e+01,  -1.37332678e+01,   2.01422215e+01, 
              2.18433895e+01,   9.78710592e-01,   7.53372335e+00,   2.54053841e+01,   8.33469987e-01, 
              4.73678875e+00,   1.57361717e+01,   2.44297460e-02,   1.25980253e+01,   1.58341923e+01, 
              6.27972507e+00,   1.27181854e+01,  -1.82822365e-02,   6.27131796e+00,   3.04875877e-02, 
             -1.12865092e-02,   2.68347412e-02,  -1.44326193e-02,   1.84110622e+01,   9.94527757e-01, 
              1.49612026e+01,   1.57050562e+01,   3.13848543e+00,   1.09913073e+01,   1.58720093e+01, 
              9.39092159e+00,   1.42562952e+01,   2.89772835e+01,   1.09664822e+00,   2.29896793e+01, 
              1.31226711e+01,   1.00419521e+00,   1.49011898e+01,   2.70358729e+00,   1.03504133e+00, 
              2.30982723e+01,   1.31959877e+01,   5.25098753e+00,   1.50325069e+01,   1.33006048e+01, 
              7.33125019e+00,   1.03826180e+01,   2.71255469e+00,   7.34864426e+00,   2.23460174e+00, 
              1.84274330e+01,   5.22282267e+00,   1.50408154e+01,   1.84428787e+01,   7.34283733e+00, 
              1.04223671e+01,   2.88520107e+01,   7.44431114e+00,   2.19134903e+00,   2.68870997e+00, 
              5.28315449e+00,   2.30420513e+01,   1.31448412e+01,   1.16213341e+01,   1.03568535e+01, 
              2.74907565e+00,   1.15045671e+01,   2.30420232e+00,   2.88973312e+01,   1.16886044e+01, 
              2.39024115e+00,   1.83866520e+01,   1.15493155e+01,   1.02834110e+01,   2.89073601e+01, 
              5.27330017e+00,   2.29440384e+01,   8.66821259e-02,   9.44141006e+00,   2.38097744e+01, 
              3.13463764e+01,   3.19293022e+00,   1.74182200e+00,   2.47606068e+01,   5.40246868e+00, 
              1.98128357e+01,   2.58674850e+01,   3.09101725e+00,   2.07005711e+01,   2.46627235e+01, 
              8.99038196e-01,   1.99531212e+01,   2.26205597e+01,   7.72373080e-01,   1.83316765e+01, 
              2.16374779e+01,   3.12128496e+00,   1.74476166e+01,   2.26873989e+01,   5.36130428e+00, 
              1.81290779e+01,   1.93524704e+01,   3.10400081e+00,   1.57054720e+01,   2.80826263e+01, 
              3.16411662e+00,   2.23887310e+01,   1.22615156e+01,   3.10929060e+00,   1.56155796e+01, 
              1.00366354e+01,   3.07310271e+00,   1.74393349e+01,   8.94839382e+00,   5.34281349e+00, 
              1.82468967e+01,   6.90897131e+00,   5.29581356e+00,   1.98227768e+01,   5.69967365e+00, 
              3.07905054e+00,   2.05224228e+01,   6.81954622e+00,   7.46517539e-01,   1.97110043e+01, 
              8.97312450e+00,   8.19564521e-01,   1.82217331e+01,   3.51594186e+00,   3.16642714e+00, 
              2.23998909e+01,   1.23054028e+01,   9.46879292e+00,   9.67778969e+00,   9.96104527e+00, 
              9.42128563e+00,   8.06529236e+00,   9.01097775e+00,   1.17244473e+01,   7.14431477e+00, 
              6.85762167e+00,   1.16609020e+01,   5.52298594e+00,   5.69185495e+00,   9.40874290e+00, 
              4.76682234e+00,   6.95548630e+00,   7.16519213e+00,   5.60785246e+00,   8.98168850e+00, 
              7.14362669e+00,   7.16018438e+00,   3.53446817e+00,   9.38914871e+00,   2.95035815e+00, 
              1.94262600e+01,   9.40402889e+00,   9.76340771e+00,   2.15247307e+01,   9.39429951e+00, 
              7.86577272e+00,   2.27143917e+01,   7.14797163e+00,   7.11731100e+00,   2.47112904e+01, 
              7.17381477e+00,   5.38473797e+00,   2.56777115e+01,   9.45488739e+00,   4.66754341e+00, 
              2.46386032e+01,   1.16404915e+01,   5.47238111e+00,   2.26505508e+01,   1.16897879e+01, 
              7.17710876e+00,   2.79382992e+01,   9.57505512e+00,   2.81486320e+00,   2.55745678e+01, 
              5.54196930e+00,   4.57117653e+00,   2.19975967e+01,   5.42823982e+00,   7.81198502e+00, 
              2.54685440e+01,   7.10716152e+00,   2.06140976e+01,   2.18932819e+01,   6.98726034e+00, 
              1.71680717e+01,   1.52905970e+01,   3.53468275e+00,   9.39648056e+00,   1.61370258e+01, 
              9.41923618e+00,   1.60041752e+01,   3.96919101e-02,   9.44707966e+00,   2.22621155e+01, 
              3.11791973e+01,   3.29763508e+00,   3.43209600e+00,   9.85520458e+00,   5.40624142e+00, 
              7.57187653e+00,   6.22947645e+00,   5.47655916e+00,   4.98408794e+00,   6.18699694e+00, 
              7.11005116e+00,   2.05489960e+01,   9.95297527e+00,   7.11329508e+00,   1.76638622e+01, 
              6.27526474e+00,   1.32141447e+01,   4.68020535e+00,   9.85501099e+00,   1.34923582e+01, 
              7.64351940e+00,   9.88458538e+00,  -8.39319587e-01,   1.77565269e+01,   5.86041927e+00, 
             -9.55393136e-01,   2.00974655e+01,   2.16862736e+01,  -1.02841103e+00,   1.77396603e+01, 
              2.54384441e+01,  -5.93822062e-01,   2.07781906e+01,   2.16622906e+01,   1.33512287e+01, 
              7.82221270e+00,   2.55050182e+01,   1.32727070e+01,   4.97846746e+00 ]
         </q>
         <p shape='(4, 456)'>
          [  -1.78681896e-01,   9.25214256e+00,   1.63913377e+01,  -8.04152541e+00,  -4.82277953e+00, 
             -3.74867675e+00,   1.19898911e+00,   6.15188659e+00,   4.08009555e+00,  -1.95326095e+01, 
             -7.02480685e+00,  -8.96000073e+00,   1.29562424e+01,  -3.03128620e+00,  -8.14220318e+00, 
              5.23177896e+00,   7.63783125e+00,   6.26243273e+00,   1.42724303e+01,  -5.81413027e+00, 
              1.26787225e+01,  -2.15370001e+00,   1.69544788e+01,  -6.29645380e+00,   9.09473215e+00, 
             -5.78824961e-01,  -1.18150328e+01,   1.03964976e+01,   2.62628607e+00,   1.01272837e+00, 
             -1.89061155e+00,   4.86192850e+00,  -1.43558567e+01,  -4.22224964e+00,   5.36426214e+00, 
             -2.91446766e+00,   1.92038020e+01,   5.85411981e+00,  -1.70550774e+01,   3.04272638e+00, 
             -8.21219870e+00,   1.08799621e+01,   6.51815163e+00,   2.06630806e+00,   5.43717638e+00, 
              5.24684130e+00,  -6.37742754e+00,  -1.02857384e+00,   1.27807187e+01,   1.47382942e+01, 
             -2.56960114e+00,   2.70277105e+00,   4.15991644e+00,  -1.01933840e+01,   8.18069540e+00, 
             -9.42003103e+00,   5.18140427e+00,  -8.49926962e+00,  -4.88099062e-01,  -3.87058498e-02, 
             -1.00523912e+01,  -3.16695305e+00,  -7.49740585e+00,  -1.71237317e+01,  -1.15137734e+01, 
              1.69917156e+01,   1.02873438e+01,  -1.38417813e+00,   2.15845481e+00,  -7.84558691e+00, 
              1.83754352e+00,   1.29960939e+01,   2.46210307e+00,  -1.15674222e+00,   1.02138743e+01, 
              5.02234835e+00,   4.69337641e+00,  -5.34231332e+00,   3.74294705e+00,   9.62718474e+00, 
              3.35460660e+00,  -8.89566856e+00,   2.28169553e-01,  -6.16724796e-02,   1.10849113e+00, 
              7.76829325e+00,   1.79103582e-01,   1.55468821e+01,  -8.52572329e-01,  -2.71331480e+00, 
              5.73942560e+00,  -1.70365230e+01,   8.45733783e+00,   3.36288396e-01,  -4.85009731e+00, 
             -6.33796075e+00,   1.87577838e+00,  -8.09587247e-01,   1.50948140e+00,  -3.23399168e+00, 
             -2.38499559e+00,   5.01502749e+00,   5.87812367e-01,   1.57235478e+01,   1.21049747e+00, 
             -2.74960285e+00,  -7.65904535e+00,   1.10918355e+01,  -6.36782941e-01,  -2.10385687e-01, 
             -5.69615987e+00,  -1.83354784e+01,   1.18736619e+01,  -8.77527192e+00,  -1.44211097e+01, 
             -3.77946437e+00,  -2.68559125e+00,  -6.39091879e+00,   4.57567107e+00,   5.37507865e+00, 
             -7.19538742e+00,   9.41789262e-01,   1.07234761e+00,  -1.87468935e+01,   1.52737807e+01, 
             -3.64013222e+00,  -1.25335155e+01,  -1.52700874e+01,  -1.32708297e+01,   7.18023125e-01, 
             -1.40876323e+01,   1.07629628e+01,   9.01787323e+00,   4.86661135e+00,   2.15419909e+00, 
              9.52886719e+00,   5.26171672e+00,   2.10055754e+00,  -1.99595123e+00,  -1.96809948e+00, 
             -1.00817161e+01,  -3.69408446e+00,   7.34799229e+00,   4.19224021e+00,  -1.40314699e+01, 
             -5.07939208e+00,   2.11550900e+00,   1.34232687e+01,  -2.13138641e+00,  -4.13204148e+00, 
              1.12489981e+00,   6.66862475e+00,   4.10933396e+00,  -4.69914347e+00,  -1.50602592e+00, 
             -2.18620947e+00,   1.01064486e+00,   1.51116835e+00,   5.34918210e+00,  -4.63542229e+00, 
             -3.82529605e+00,  -2.28084305e+00,   9.24623341e+00,   6.90170180e+00,   2.99732110e+00, 
             -1.53409010e+01,  -6.16055215e+00,   3.78892824e+00,   2.11880190e-01,  -2.18736970e+00, 
              1.20862344e+00,   1.36115832e-01,  -8.86971117e-01,   1.00009450e+00,   1.48287938e+00, 
             -1.06524956e+00,   2.85154727e+00,  -9.70739620e-01,  -8.35752190e-01,  -3.92973153e-01, 
             -1.31833698e+00,  -2.03986824e-01,   1.16923586e+00,  -6.23582142e-01,   5.33562958e-01, 
             -2.49406215e+00,  -3.16540303e+00,  -3.07522786e+00,  -4.02291700e+00,  -1.56062978e-01, 
              3.39476740e+00,   1.98029855e+00,  -5.99357741e-01,   1.24923646e+00,   1.90850380e+00, 
             -1.70300497e+00,  -2.93088162e+00,  -1.11343953e+00,   5.03952009e-01,   1.64625239e+00, 
             -5.85330693e-01,  -4.45309748e+00,  -1.72056830e+00,   9.91846533e-01,   1.58578776e+00, 
             -7.05905378e-01,  -1.32246880e-01,   3.07690842e-01,   1.80046892e+00,   2.89609984e+00, 
             -2.74386658e+00,   2.45714199e+00,   9.38822645e-02,   4.82981098e-01,  -2.79311216e+00, 
              4.36369630e-01,   5.67009817e+00,  -2.06962168e+00,   2.81503919e+00,   1.68642746e+00, 
              2.96132815e+00,   1.26250592e+00,   3.78242416e-01,  -3.46051228e+00,  -1.99535457e-01, 
              3.34651838e+00,   3.06512749e+00,  -1.41478273e+00,  -9.82586150e+00,  -1.56791042e+00, 
              1.33377660e+01,  -1.13272453e+01,  -5.80821311e+00,   7.28015974e+00,  -6.82321124e+00, 
              1.29796187e+01,  -6.58570742e-01,   1.34163641e+01,   6.09185136e+00,   1.00927212e+01, 
             -4.70606341e+00,   4.46340564e+00,   1.28461143e+01,   8.36066137e+00,  -1.11733670e+01, 
             -9.09179577e+00,  -5.94753851e+00,   9.62454561e+00,   2.11454407e+00,   2.45563899e+00, 
             -8.20495173e+00,   1.12701980e+01,  -2.11286320e+00,   8.75379709e+00,  -1.06671284e+01, 
             -1.87097515e+00,   1.33139377e+01,  -1.54936227e+00,   1.68160590e+01,   2.03927473e+00, 
             -9.81876644e+00,   2.15007196e+00,  -2.60934540e+00,   4.75420967e+00,   1.02609414e+01, 
             -2.19021802e+01,  -1.07560700e+01,  -7.45117487e+00,   2.13488231e+01,   1.06448509e+01, 
              1.33883761e+01,  -4.87563252e-02,   1.22225777e+00,   5.87550007e+00,   7.20436434e+00, 
              9.54136050e-01,   3.48970042e+00,  -1.03546967e+01,   1.35471355e+01,  -6.99656309e+00, 
              5.49853948e+00,  -1.81285354e+00,   4.92842851e+00,  -1.46231427e+01,   1.09388019e+01, 
             -8.44849791e+00,   1.06433940e+01,  -9.99454578e+00,  -2.56897344e+00,   3.56564880e-02, 
              1.45906078e+01,   3.97952734e+00,  -2.99431273e+00,  -1.86757692e+00,  -6.10579361e+00, 
              2.47322897e+00,  -4.05983293e-01,   2.98979269e+00,  -8.42607638e+00,   3.14860884e+00, 
             -4.37338882e+00,   4.60825049e+00,  -1.03681207e+01,   3.25559539e+00,  -7.69023622e+00, 
             -9.35695202e-01,   9.48440403e+00,  -1.12787010e+01,   3.31211778e+00,  -5.24892336e+00, 
             -8.87127412e+00,   5.79325530e+00,   4.79494185e+00,  -3.28330887e+00,  -5.53925470e+00, 
             -3.18252855e+00,   5.83237874e+00,   1.03755355e+01,   1.23209586e+01,   5.21117675e+00, 
             -9.39087060e+00,  -6.21447187e+00,  -7.69206823e+00,  -1.00963727e+00,  -3.93339210e+00, 
             -2.56981004e+00,   2.02083283e-02,  -5.14148432e+00,  -5.42493785e+00,   2.48750040e+00, 
             -5.19645935e+00,   5.21950417e-01,  -5.55419162e+00,   3.30852884e+00,  -1.51771203e+01, 
             -2.85029176e+00,   6.55811638e+00,  -2.08862392e+01,   2.26241395e+00,   1.34651455e+01, 
              7.77951133e+00,  -8.66111965e-01,  -2.64318046e-01,   3.70268428e+00,  -4.25320390e+00, 
             -2.07276112e+00,   1.11485355e-01,  -8.47934201e+00,  -7.30783850e+00,  -3.23696674e+00, 
              3.38790148e-01,  -5.89234215e+00,  -4.86220420e+00,  -2.46613005e+00,  -2.41648465e+00, 
              7.64177405e+00,  -6.74612191e+00,  -1.50484186e+00,  -6.52711213e+00,  -6.66223767e+00, 
              2.99471945e+00,  -4.57347167e+00,  -4.15718702e+00,   3.75563664e+00,  -1.78122175e+00, 
              5.65242049e+00,   2.30742807e+00,   4.36419141e+00,   1.39296978e-01,   8.92694611e+00, 
              5.57873600e-01,  -3.14786342e+00,   6.87170118e+00,  -5.16257889e-01,  -5.21605256e+00, 
             -4.23049837e+00,  -1.04380237e+01,  -3.75293019e+00,   3.65325779e+00,  -4.65011705e+00, 
              1.04596095e+01,  -2.93711573e+00,   6.35068547e+00,   1.16971025e+00,  -6.14925438e+00, 
              1.39136342e+01,   1.17506947e+01,   1.18916716e+01,  -4.05838121e+00,   9.10929629e+00, 
             -1.30080777e+00,   3.87482154e+00,  -6.81783488e+00,   2.30336470e+00,   3.75871860e+00, 
              3.43213221e+00,  -3.69205965e+00,   6.58944010e-01,   8.11444970e-01,   1.53572808e+00, 
              2.67675173e+00,   1.06277123e+00,   1.11135278e+00,   1.03077066e+00,   1.65719918e+00, 
              1.30115781e+00,   1.14789004e-02,   2.81887921e-01,   2.94399772e+00,   1.09352016e+00, 
              4.68022183e+00,   2.17592631e+00,  -1.53938091e+00,   5.71426618e-02,  -5.70926207e-01, 
              6.66368126e-01,  -3.18145439e+00,   1.18750161e-02,   1.07092166e+00,  -8.80318729e-01, 
             -2.60123958e+00,  -1.92713761e+00,  -1.08206531e+00,  -2.02157177e+00,  -2.07430613e+00, 
             -3.13203808e+00,   4.83171768e-02,   3.04878962e+00,   1.75744561e+00,  -2.71915572e-01, 
              1.81478083e+00,   1.24643997e+00,  -3.45525302e+00,   1.33756816e+00,   6.31552489e-01, 
              1.71811686e+00,  -1.61179555e+00,   2.58728436e+00,  -7.54599886e-01,   2.16579807e+00, 
              1.55720917e+00,   1.34525703e+00,   1.61730897e+00,  -4.29781614e-01,  -1.29686322e+00, 
              2.94438398e+00,   3.08548501e+00,  -1.81222572e+00,  -2.58129240e-01,   1.35061863e+00, 
              6.33506877e-01,  -1.20750964e-01,  -1.46033665e+00,   9.99769551e-01,  -7.56972135e-01, 
             -4.23734454e-01,  -1.16055236e+01,  -6.15830027e+00,   2.38705421e-01,   7.90348764e+00, 
              1.04633776e+01,  -5.03909562e+00,   1.35350279e+01,   1.21196133e+01,   8.26036670e+00, 
              5.87999101e+00,   2.43877550e+01,   4.68834951e+00,   1.35526045e+01,   1.25488401e+01, 
              1.76766616e+01,  -4.45396485e+00,  -1.21006865e+01,  -8.84271944e-01,  -7.71773543e+00, 
              6.31310896e+00,  -2.29085144e+00,  -2.70984282e+00,   1.58363310e+00,   5.06586424e+00, 
              4.67900549e+00,   1.79513221e+01,  -1.15552648e+00,  -8.68961373e-02,   1.22219930e+01, 
              6.93832079e+00,  -7.84141602e+00,   1.41481912e-01,   8.11134932e-02,  -1.22054054e+01, 
              6.40468506e+00,  -1.59279945e-02,  -9.90084376e+00,   3.08656362e+00,   6.78979790e-01, 
             -9.88556399e+00,  -3.63797947e+00,   7.96466128e+00,  -9.45960058e+00,   8.71596674e+00, 
              8.17095397e-02,   9.38223730e+00,   1.97992638e+00,  -1.11705874e+01,  -3.51942197e-01, 
             -6.37362524e+00,  -1.73796280e+01,  -1.08622829e+01,   3.38224510e+00,   9.17788044e+00, 
             -7.78678717e+00,   1.42534862e+01,   3.45441500e+00,  -1.77703573e+01,  -2.43234297e+00, 
             -4.34189876e+00,   2.33484038e+01,  -5.52720209e+00,   7.18956152e+00,  -1.12437622e+01, 
              6.89597038e+00,  -9.13905987e+00,  -5.69936384e+00,  -2.96987172e+00,  -8.28885540e+00, 
              1.52703990e+01,   8.74346117e+00,   7.88975016e+00,  -1.11358963e+01,   1.00095776e+01, 
             -8.04836133e+00,  -6.54878574e+00,   1.02883684e+00,   3.91770884e+00,   4.66690725e+00, 
              6.11840522e+00,   6.99998471e+00,   3.46860570e+00,  -5.63046468e+00,  -2.91324332e+00, 
             -4.00275212e+00,  -1.93787587e+00,  -7.56660703e+00,  -1.08159977e+01,  -1.87884895e+01, 
              1.54801914e+00,   3.38998431e+00,  -5.63075430e-01,  -7.05236009e+00,   7.72777170e+00, 
             -1.11897889e+01,   1.38074546e+01,  -9.17776638e+00,  -3.09997714e+00,  -4.12462094e+00, 
              2.07086653e+00,   3.97737085e+00,  -2.88677600e+00,   2.58921331e+00,  -1.04553100e+01, 
              3.97720247e-01,  -5.58607346e+00,   1.92434775e+00,  -1.11952758e+01,  -8.10722786e+00, 
             -3.63757647e+00,   3.78773352e+00,   6.71491951e+00,  -8.55599416e+00,   3.98791620e+00, 
             -1.65233773e+00,   6.80032813e+00,   4.50447795e+00,   6.30084747e+00,   4.91894614e+00, 
             -9.57879785e+00,  -2.76038557e+00,  -1.41263810e+01,  -1.37219329e+01,   3.31382984e+00, 
              3.49565380e-01,   2.41039891e+01,  -1.16243153e+00,  -2.25635398e+00,   1.96688084e+01, 
             -3.05531412e+00,  -7.98584378e+00,  -1.26638103e+01,   3.02750296e+00,   8.35986029e+00, 
              5.80625293e+00,  -6.71090799e+00,  -3.33726276e+00,  -3.55666021e+00,  -5.05463081e+00, 
              2.29399311e+00,   1.05121236e+01,   5.57984680e+00,  -7.29172719e+00,   6.72431895e+00, 
             -6.81484705e+00,   1.03006600e+01,  -3.08068827e+00,   8.39133683e-01,   9.19797789e+00, 
             -3.44573453e+00,   6.18378347e+00,   1.14701915e-02,   2.45182273e+00,   1.44337859e+01, 
             -7.75772680e+00,  -6.11361840e+00,   3.22102064e+00,   6.98203265e+00,  -5.59560159e+00, 
              1.02471842e+01,   4.26505172e+00,  -1.26535013e+00,   1.16999835e+00,  -1.48312248e+00, 
             -1.47556809e+00,  -4.44480759e+00,  -5.65822012e-01,   2.05154726e+00,   3.77175985e+00, 
             -1.59782505e+00,   3.92152997e-01,   2.42060385e+00,   2.38293064e+00,  -5.57187483e+00, 
             -9.94968432e-01,  -1.01479280e+00,  -2.83696958e+00,  -1.76250042e+00,   2.92223155e+00, 
              2.72774199e+00,  -1.49667908e+00,   2.00984030e-01,  -9.12750153e-01,   2.51030050e+00, 
              1.88793838e+00,   1.50379172e+00,   3.08958564e+00,   3.96235263e+00,   3.20634893e+00, 
             -1.42180456e+00,   7.30128705e-01,   1.78814724e+00,   1.31143294e+00,  -5.46446384e-01, 
              1.16824380e+00,   1.15169583e+00,  -9.23170209e-01,  -1.03374871e+00,  -1.95835962e+00, 
              1.02691364e+00,  -3.43573686e+00,   2.47365294e+00,   8.18804979e-01,  -3.52964279e+00, 
              1.63534326e-01,   1.47622883e+00,   2.96634177e+00,   8.16349132e-01,   3.39307058e+00, 
              1.75005201e+00,   1.97707985e+00,  -1.04695332e+00,  -1.99272904e+00,   6.02207524e-01, 
              3.88637244e-01,   1.13854161e+00,  -4.52095141e+00,  -1.68991775e-01,  -3.01428291e+00, 
             -1.99220409e+00,  -1.52328241e+00,   2.01428655e+00,   2.38606034e+00,   2.38734949e+00, 
              1.79275266e+00,  -3.78633918e+00,   4.21457529e-01,   1.13394907e+00,  -1.87287669e+00, 
              1.16497504e+01,   3.58462837e+00,  -1.56495357e+01,   5.15002168e+00,   1.73420551e+00, 
              4.04405780e+00,  -2.51696371e+01,   1.25351002e+00,  -2.06697479e+01,  -1.25203203e+01, 
             -1.15783088e+01,  -3.74703781e-01,  -2.27325078e+00,  -1.15899418e+01,  -5.63790192e+00, 
              4.68588451e+00,  -1.59856842e+01,   3.55630551e+00,  -1.25186782e+01,  -3.42909750e+00, 
              2.55475865e+00,   1.50939756e+01,  -6.05123504e+00,   7.46068416e+00,   3.34356741e+00, 
              1.48715130e+00,  -8.09009947e+00,   8.37581304e+00,   4.30957810e+00,  -8.31055273e+00, 
              6.56099514e+00,   1.49722797e+01,   9.42887171e-01,   1.79947620e+01,   5.71758763e+00, 
             -2.41447851e+01,   6.09826902e+00,   7.33663861e+00,  -3.60054411e+00,  -6.25205895e+00, 
             -4.23437389e+00,   7.34926744e-01,  -1.93695569e+01,  -2.74672350e+00,  -5.12503304e+00, 
             -2.26883718e+00,   8.65548912e+00,  -1.16490664e+00,  -7.46876904e+00,  -8.22588142e+00, 
              3.42921530e+00,  -3.76055833e+00,   1.13010074e+01,  -4.83246521e-01,   8.96780351e+00, 
             -7.34125459e-01,   2.73721300e+00,   4.28019766e+00,  -2.85905683e-01,  -4.34816708e+00, 
              1.32628589e+01,  -1.06412238e+01,  -6.91719190e-01,   1.42435661e+01,  -1.80908951e+00, 
             -7.79370178e+00,   8.61863092e+00,  -8.96481975e+00,   6.34509312e+00,   2.53893260e+00, 
             -4.08808264e+00,  -7.71388870e+00,   1.39788710e+00,   1.15496418e+00,  -2.04328876e+00, 
              5.21924865e+00,   7.57443755e-01,   2.51660767e-01,  -1.98916400e+00,  -1.52345807e-01, 
              1.54890751e+01,   1.02443083e+01,   7.38947675e+00,  -1.44763589e+01,   2.43329727e+00, 
              1.41951031e+01,   1.06531643e+01,   2.77273952e+00,   4.34839818e+00,  -5.22722155e+00, 
              4.90828979e-02,   6.25081536e+00,  -2.93901926e+00,  -4.93886150e+00,   1.44353747e+01, 
              7.79734654e+00,   4.95258366e+00,  -1.53422836e+00,   2.05090899e+00,  -1.04288160e+01, 
             -2.03920654e+00,  -2.84749919e+00,  -4.62700809e+00,   8.86161944e+00,  -6.77835899e+00, 
             -2.34350169e+00,   1.53966078e+00,   1.00902242e+00,   4.84776961e+00,   2.69709894e+00, 
             -1.60028682e+01,   8.15089595e+00,   5.85888860e+00,   9.95463986e+00,  -8.33508123e+00, 
             -1.62314754e+01,  -1.25202861e+01,  -3.15752805e+00,   7.80125043e+00,   5.77221245e+00, 
              8.69995706e-01,   8.71643206e+00,  -6.38513046e+00,   1.70621269e-01,  -4.62831548e+00, 
              9.68472237e+00,  -4.25523294e+00,   1.64173245e+01,   8.92553467e+00,   5.95208161e-01, 
              9.13376376e+00,   1.83974964e+00,  -5.91413415e+00,   6.94152495e+00,   1.99046141e+00, 
              6.36329167e-01,  -3.56253178e-01,   8.95979446e+00,   5.04699647e+00,  -2.04317430e+00, 
             -9.13349205e+00,   3.90536582e+00,  -5.46182901e-01,  -1.11095863e+01,   9.52685248e+00, 
              5.66485783e+00,   4.70961374e+00,   1.25797474e+00,   5.99253365e+00,   5.31495899e+00, 
             -3.68441141e+00,   3.38845774e+00,   3.49715919e+00,  -6.65759671e+00,   9.60630208e-01, 
              5.53602642e+00,  -7.08538640e+00,  -1.51138053e+01,  -1.13894239e+01,  -7.30696929e+00, 
              4.53647801e+00,   1.13237757e+00,  -1.79292423e+01,   5.34344527e+00,  -9.50397786e-01, 
             -1.12418062e+01,  -3.32136777e+00,   2.25814830e+00,  -2.51515151e-01,   6.23937877e-01, 
              2.48821459e+00,  -1.18251061e+00,  -3.96082327e+00,  -7.28407043e-01,   2.28060603e-01, 
              1.72122839e+00,   1.10472642e+00,  -2.07561696e+00,  -1.24816915e+00,  -1.48274233e+00, 
              6.95607304e-01,  -4.82706043e+00,  -5.01636423e+00,   3.88422239e+00,  -1.04416427e+00, 
              1.47740088e+00,  -4.38336146e+00,  -2.90245601e+00,   1.50015293e+00,   1.52567875e+00, 
              1.64527109e+00,   1.64378796e+00,   1.10615087e+00,   6.38614157e+00,  -1.54092314e+00, 
             -5.03681767e+00,   7.86697002e-01,  -1.88297834e+00,   2.03856456e+00,  -9.95683042e-01, 
              3.42145954e+00,  -1.77469862e+00,  -1.56219455e+00,   1.48720486e-01,   1.31586683e+00, 
              1.36714199e+00,   3.31227003e+00,   1.00890696e-01,   5.19644292e-01,   3.00013886e+00, 
              2.81447589e+00,  -2.60568377e+00,  -1.67280711e+00,  -7.36235142e-01,  -1.76302919e+00, 
              2.45810209e+00,   1.74194014e+00,  -3.26537153e+00,   1.03924571e+00,   2.15330350e+00, 
              1.38171712e+00,   3.66353137e-01,   1.39152801e+00,   1.40128115e+00,  -3.80924361e-01, 
             -1.69454575e-01,   8.91850980e-01,   1.76893525e+01,   6.73549713e+00,   4.32660701e+00, 
              1.07580580e+01,  -5.58165728e+00,  -7.87124894e+00,   7.51495500e+00,   2.55433644e+00, 
             -5.28657029e+00,  -3.73158023e-01,  -8.39755856e+00,   8.72220829e+00,   2.63215884e-01, 
             -1.28534817e+01,  -2.02082795e+01,  -1.13019201e+01,  -7.03018423e+00,   1.25302936e+01, 
              1.05045298e+01,   8.79542688e+00,  -6.67018875e+00,  -5.65797819e+00,   4.53441671e+00, 
              9.62059704e+00,   6.94228350e+00,  -9.97922941e+00,  -1.22263893e+00,  -1.25677377e+01, 
             -6.17627856e+00,   1.20246498e+01,   1.77073084e+00,   4.76270250e+00,  -1.37138065e+00, 
              2.41266499e+00,  -8.33727022e+00,   8.59975449e+00,  -1.28068525e+01,   2.10730090e+01, 
              4.53600085e-01,   1.82057952e+01,  -4.43775380e-01,   3.17336718e+00,   1.64402805e+00, 
             -5.50611540e+00,   3.50845400e+00,  -4.32505144e+00,   2.22191123e+00,  -5.68736442e+00, 
             -6.58687510e+00,   5.95889763e+00,  -7.64939102e+00,   1.11201371e+01,  -5.69322344e+00, 
             -9.15683159e+00,  -1.35645420e+01,   7.79127792e+00,  -9.24578460e+00,  -4.14627089e+00, 
             -8.42549940e+00,  -1.14210209e+00,   3.78135405e+00,  -4.54472061e+00,   3.93577186e+00, 
              9.87208830e+00,   8.05576280e+00,  -1.37872551e+01,   1.38115405e+01,   2.11069063e+00, 
             -4.49596103e+00,   1.25951394e-01,   1.84833503e-01,  -1.03985155e+01,  -8.12333923e+00, 
              1.67353808e+00,   6.12605044e+00,   4.33847231e+00,  -8.29236711e+00,  -1.50408343e+00, 
             -1.17002340e+01,  -1.46575900e+01,  -1.04982734e+01,   1.26704974e+01,  -4.80149186e+00, 
             -7.23586229e+00,   6.84343285e+00,   6.52847468e+00,  -2.68650177e+00,   1.29712195e+00, 
              5.36978137e+00,   2.71928903e+00,  -1.02543645e+01,  -4.31871951e+00,  -6.12988904e+00, 
             -1.40876279e+01,  -5.42407382e+00,  -1.03181892e+01,  -3.72931987e+00,   4.08790957e+00, 
              9.17203948e+00,  -7.99357038e+00,  -1.34374076e+01,   1.08146949e+01,   1.12006010e+01, 
             -9.31492151e+00,  -4.39368919e+00,   5.41662640e+00,  -6.20050795e-01,   2.45370099e+00, 
              2.63515133e+00,   6.75294196e+00,  -8.28907636e+00,   4.99086517e+00,  -1.02202503e+01, 
              3.97346943e-01,   3.37514729e+00,  -2.25759662e+00,   7.41825991e-02,  -4.94972807e+00, 
             -1.00634843e+01,  -1.61788211e+01,  -4.98145824e+00,   7.73615443e+00,   1.98928782e+00, 
              9.86420960e+00,  -2.81318791e-01,  -6.60768301e-01,   7.36773724e+00,   7.04668557e+00, 
              9.42002743e-01,  -1.80481666e+00,   9.25324713e+00,   1.91612515e+01,  -8.79923874e+00, 
             -1.60998660e+01,   7.11883303e+00,   1.34439043e+01,  -2.19612248e-01,  -1.22905663e+00, 
             -1.00084577e+01,  -8.19165815e+00,   8.35419509e+00,  -1.67373115e+00,   1.14296998e+01, 
             -5.15280202e+00,   9.82521385e+00,  -7.79098094e+00,   3.65964553e+00,  -1.19724508e+01, 
             -9.44177926e+00,   4.61673495e+00,   5.75689310e+00,  -2.90524371e-01,  -1.02458110e+01, 
             -1.76701990e+01,   4.54315602e+00,  -6.47977403e+00,   1.32206324e-01,  -9.97925390e+00, 
             -5.64965728e+00,   6.45093388e+00,   8.92935984e-01,   3.89505455e+00,   6.13654417e+00, 
              4.19357478e+00,   2.26590821e+00,  -1.04889685e+00,  -7.95971025e+00,  -6.34481290e+00, 
             -2.41911854e+00,   2.37366831e+00,  -3.81881854e+00,  -1.26764526e+00,  -1.10160947e-01, 
              6.38222428e-01,  -4.20896401e+00,  -7.59902657e-01,  -2.87476107e+00,   1.74529744e-01, 
              1.40782559e+00,  -3.54770180e+00,  -1.46859743e+00,   1.38919771e+00,   3.86464003e+00, 
              2.93754531e-01,  -1.37887132e+00,  -2.97001926e-01,   1.48431609e+00,  -1.94547331e+00, 
              2.57216099e+00,   2.34231625e+00,  -7.34007240e-01,  -3.83425852e+00,  -1.56501331e+00, 
              1.16514003e+00,   1.59380940e+00,   1.55540953e+00,  -5.11617899e-01,   1.57732442e+00, 
              3.43633590e+00,  -9.38210726e-01,  -4.05754539e+00,  -4.15243047e-01,   8.20314824e-01, 
              2.51945976e+00,  -1.47553350e+00,  -1.85669649e+00,  -1.56261799e+00,  -3.63229050e+00, 
              1.67290210e-01,   4.55116251e+00,  -3.53681006e+00,  -9.45566774e-01,  -6.13154141e-01, 
              9.88511664e-01,   1.09779537e+00,  -5.21475522e-01,   1.74380313e+00,  -2.67691315e-01, 
             -6.57526938e-01,   3.72266136e+00,  -5.32198310e-01,  -4.94866201e+00,  -7.64056283e-01, 
              4.65959346e+00,  -9.30748312e-01,  -2.64471735e+00,  -3.89611900e+00,   6.10698493e-01, 
             -5.44279914e+00,  -4.43418633e+00,  -2.94767291e+01,   2.22291626e+01,  -1.81023420e+01, 
             -1.01046989e+01,   6.64635225e+00,   8.87706626e+00,   6.56330803e+00,   1.21260638e+01, 
              7.66521848e+00,   9.01418808e+00,   6.29325567e+00,   4.91673568e+00,  -5.04717764e+00, 
             -3.62055148e+00,   1.14170603e+00,   1.09063427e+01,   1.33145438e+00,   2.97222618e+00, 
              9.93520943e+00,  -3.16166677e+00,  -8.78819414e+00,  -1.62824963e+01,  -1.37662164e+01, 
             -9.15709158e+00,  -2.35654434e+00,  -6.14213146e+00,  -9.55890700e+00,  -3.30223998e+00, 
             -3.28457131e+00,   5.70253996e+00,  -3.40978941e+00,  -3.55523028e+00,  -1.10869145e+01, 
             -7.12012275e+00,   6.80765758e+00,   1.00451312e+01,  -4.88782104e+00,  -5.56189360e+00, 
             -2.07379956e+01,   2.02316581e+01,  -1.73497545e+01,   6.16358713e+00,   1.06805584e+01, 
             -3.47860302e+00,   5.07967269e-01,  -1.68531006e+01,   1.09788197e+01,   2.31626070e-01, 
             -1.63179291e+01,  -1.23278727e+00,   2.43454078e+00,   2.78754679e+00,  -3.75630991e-01, 
             -6.37763211e+00,   3.64575163e+00,   1.96854056e+01,  -1.01592488e+01,   5.53401486e+00, 
              1.03325425e+00,  -3.04449505e+01,   9.55588642e+00,   2.31199919e+00,   1.52439646e+00, 
             -3.83047613e+00,   8.91680704e+00,  -2.74955937e+00,  -9.84986957e+00,  -4.01083292e+00, 
              1.07441659e+01,   1.22644264e+01,   1.39477307e+00,  -1.55708267e+01,   1.22241893e+01, 
             -2.13022309e+00,   6.07044780e+00,  -9.07394555e+00,  -1.85350734e+00,   2.51402699e+00, 
             -2.14910916e+00,   1.04404616e+01,   3.46788704e+00,   4.26348731e+00,  -1.48690802e+00, 
             -7.85824121e+00,   2.65870902e+00,  -1.34347902e+01,  -4.23742450e+00,  -6.33632711e+00, 
              7.75765175e+00,  -6.44645102e-01,   1.98574280e+01,  -2.49853712e+00,  -3.85019696e+00, 
              4.57229945e+00,  -4.01418835e+00,  -1.28253518e+01,  -1.65226013e-01,  -2.41785770e+00, 
             -2.60186828e+00,   4.57916209e+00,  -2.83416089e-01,   1.89502966e+00,   2.06042573e+00, 
             -3.37990528e+00,   1.31551856e+01,  -1.18086543e+01,  -8.63341862e+00,   1.53032321e+01, 
              2.03553578e+00,  -2.01773153e+01,  -6.15583242e+00,   2.49705526e+00,  -1.18733087e+01, 
             -1.15038455e+00,   1.04025035e+01,   1.15404553e+01,  -7.39170182e+00,  -1.02181211e+01, 
             -5.20644957e+00,  -7.40260566e+00,   2.97299170e-02,   6.39691535e-01,   1.63759994e+00, 
             -4.41360238e+00,   6.02539677e+00,   6.06175058e-01,   6.14045378e+00,  -1.47953111e+00, 
             -1.24384128e+01,  -1.91844824e+00,   8.17139688e-01,   4.69414555e+00,  -8.12594464e+00, 
             -7.18297249e+00,   4.55626761e+00,  -4.85880140e+00,  -7.78044372e+00,  -1.41830951e+01, 
              1.05889964e+01,  -2.79119521e+00,  -1.93759502e+00,  -2.52064374e+00,  -1.17470193e+01, 
             -1.09517738e+01,   1.04117617e+01,   2.72881359e+00,  -4.96588958e+00,   6.36385009e+00, 
             -2.00597018e+00,   5.29695689e+00,  -1.34293390e+01,   1.06012231e+00,   6.02177464e+00, 
              2.08784863e+00,   4.63262219e+00,   7.08298718e+00,  -5.27708533e+00,  -4.74810463e+00, 
             -5.94397653e+00,   1.53751585e+00,  -3.18169099e+00,   1.38869642e+00,   4.23596951e+00, 
             -9.26140457e+00,   9.81162154e+00,  -9.94735292e+00,   1.04917072e+00,   2.43115985e+00, 
              1.91512230e+00,  -2.40750827e+00,  -3.30677640e+00,   8.71548565e-01,   5.30148072e-01, 
              5.44396198e+00,  -6.82338206e-01,  -1.27587038e-01,   3.15482223e+00,   3.64194754e+00, 
             -5.72172894e+00,  -2.32363665e+00,  -9.65943186e-01,   3.09576379e+00,   7.83203661e-01, 
             -2.35015674e-01,  -2.96099057e+00,  -8.58880585e-02,   8.33457740e-01,   2.54330383e+00, 
             -3.39323247e+00,   1.08797291e+00,  -5.01033892e+00,   3.27787483e+00,  -1.61362597e+00, 
              1.57504938e+00,   1.67147446e+00,  -4.30714056e+00,  -1.88544442e+00,   1.13554776e+00, 
             -6.03891758e-01,  -2.35610570e+00,   2.85979664e+00,  -1.62363407e+00,  -2.47364702e+00, 
             -3.17112076e+00,  -9.00176255e-01,  -2.69589739e-01,   3.38004768e+00,   1.27036062e+00, 
              2.47073971e+00,  -2.88021529e+00,  -1.22295825e-01,   5.87234718e-01,   1.92716682e+00, 
             -2.68390892e-01,   4.13787304e+00,  -7.05111027e-01,  -2.95918605e+00,   1.90102611e+00, 
              1.11991501e+00,   9.48972555e-01,   1.08677996e-01,   2.49596178e-01,   6.73319431e-01, 
              1.88922058e+00,   9.57926094e-01,  -7.00689582e-01,  -3.36651282e+00,  -1.08642725e+01, 
             -9.72671769e+00,  -1.34417158e+01,   1.15981242e+01,   2.01877778e+01,  -7.36095481e+00, 
              1.73803889e+01,  -1.91204765e+01,   1.36695723e+01,   3.21288265e+00,  -1.64820514e+00, 
             -4.53076710e+00,   4.46855978e+00,   1.85534202e+01,   4.71218429e+00,  -7.78757807e+00, 
             -1.16358231e+01,  -1.39042226e+01,  -3.81941839e+00,  -2.30654839e+01,   1.69739970e+01, 
              4.66038707e+00,   2.47481024e-01,  -1.43275043e+01,  -2.06077667e+00,   5.05040375e+00, 
             -3.15661148e-01,   5.69095472e+00,  -1.90027626e+01,   2.07076584e+00,  -3.86817738e+00, 
              1.46154281e+01,   8.37209974e+00,   1.16780887e+01,  -2.81934913e+00,   2.91658364e+00, 
             -1.95682149e+01,   8.12360111e+00,  -6.08321586e-02,  -4.97105309e+00,  -1.51210411e+01, 
              2.13912998e+00,   9.84734571e-01,  -1.43462304e+01,   1.46903714e+01,  -3.97028037e+00, 
              1.15717451e+01,  -1.19584810e+01,   1.37848119e+00,  -1.26559814e+00,  -1.81405939e+00, 
              6.13130689e-02,  -6.42369116e-01,   5.24130140e+00,   1.10900722e+01,   1.70111767e+00, 
              6.65263041e-01,   6.93549970e+00,   7.54781452e+00,  -1.46290857e+01,   2.37172607e+00, 
              5.19935480e+00,   1.43797635e+01,   7.42471317e+00,  -1.21563443e+00,   5.74394091e-01, 
             -3.48342201e+00,  -1.51549977e+01,   3.98037299e-01,   1.87394100e+01,  -5.14131483e+00, 
              1.80603651e+01,   1.04047620e+00,  -1.24362493e+01,   4.18473286e+00,   9.50749807e-01, 
              2.52752730e+00,  -2.25022226e+00,   2.55428111e+00,   7.50790784e+00,  -2.17452583e-01, 
              8.94570624e+00,   3.59914347e+00,   5.75175423e+00,   7.00719439e+00,   8.91122386e+00, 
              4.47524399e+00,   1.36932648e+01,  -9.51489002e-01,   9.22843975e+00,   7.27493655e+00, 
              4.11858317e+00,   1.05573868e+01,   1.05695037e+01,  -2.33432323e-01,  -2.72167855e+00, 
              4.35908353e+00,   1.73127004e+00,   4.59080595e+00,  -5.05662072e+00,   6.12166374e-01, 
             -3.46578413e+00,   1.00451192e+01,  -1.10383752e+00,   6.49666161e+00,   1.11623114e+01, 
              7.20972508e-01,   4.19687552e+00,  -1.02352306e+01,   7.04280707e+00,   2.16821593e+00, 
              1.10480269e+01,  -5.24971790e-02,   1.14004809e+00,   4.90004413e-01,  -3.19273093e+00, 
             -2.97790107e-01,   1.33930444e+00,  -5.60192874e+00,   1.73803572e+01,  -7.74240125e+00, 
              1.05133244e+00,  -7.59138641e-01,  -1.01398774e+01,  -4.35816434e+00,  -6.46832233e+00, 
              9.05363314e-01,   1.86661860e+00,  -1.14219747e+01,   6.04037158e-01,  -3.64448121e+00, 
             -1.36678832e+00,   5.84902274e+00,  -1.25063939e+01,  -1.03888574e+01,   4.56047379e+00, 
             -4.17154172e+00,   5.18706078e+00,  -5.79054654e+00,  -3.83162803e-02,   2.48322910e+00, 
              2.60859954e+00,  -5.39078763e+00,   4.30492586e+00,   2.22002541e+00,   6.28008887e+00, 
             -9.49141556e+00,   1.09854829e+00,  -9.48895962e-01,  -2.72257620e+00,  -1.28712570e+01, 
             -1.19261900e+00,  -4.55508858e+00,   3.02818381e+00,  -3.75054386e+00,  -1.13003278e+01, 
              3.64564597e+00,   1.15545532e+00,   1.24506134e+00,  -6.89269269e+00,  -5.20768852e-01, 
             -5.70981556e+00,  -6.97182143e+00,  -3.66611174e+00,   1.07328858e+01,  -5.06865133e+00, 
             -8.91029218e+00,  -1.39377834e+00,   5.98669052e-01,   2.68923016e-01,   2.84010564e+00, 
              3.59272516e+00,   4.88042625e-01,   2.19121156e+00,   3.38659918e+00,   4.89569457e-01, 
             -7.88036161e-02,  -3.02762711e+00,  -5.88512747e-01,  -1.59583213e+00,  -1.15201604e+00, 
             -4.04628424e-01,   2.87068926e+00,  -2.13133693e-01,   1.11859766e+00,   4.02576862e+00, 
              4.88981903e+00,   7.73495229e-01,   1.69537578e+00,  -2.92703450e-01,   3.81130579e+00, 
             -5.92433947e-01,   7.42184340e-01,  -1.44841751e+00,   1.77985502e-01,  -1.71837342e+00, 
              3.21913365e+00,  -3.31690686e-01,   1.19111061e+00,   1.36697927e+00,   5.48462663e+00, 
              5.34834980e-01,  -2.14919731e+00,   1.03833658e-01,   8.85033786e-01,   2.04639080e+00, 
              1.49420081e+00,  -1.33637476e+00,  -3.14231679e+00,   2.34939848e+00,   2.76548278e+00, 
              1.25766888e+00,  -2.53837742e+00,  -1.61784828e+00,  -1.27277550e+00,  -1.44905164e+00, 
             -7.06508399e-01,  -1.71200248e+00,  -1.93021359e+00,   5.76101625e+00,   1.61639729e+00, 
             -5.69631296e-01,   1.94078588e+00,  -3.14444467e+00,   1.37896071e+00,  -2.67639411e+00, 
             -3.08925459e+00,   1.20335621e+01,  -9.40544449e+00,  -3.85806725e+00,   8.46347280e+00, 
             -4.62057196e+00,   2.03922799e+01,  -5.94316773e+00,  -1.45756947e+00,   9.13379409e+00, 
             -6.94101910e+00,  -1.39279627e+01,   4.97633913e+00,   6.11516748e+00,  -2.89509603e+00, 
             -2.67783674e+00,  -2.35660090e+00,  -3.03372284e+00,  -3.19750675e+00,   5.40116249e+00, 
              7.06447080e+00,   1.19721195e+01,  -3.09352721e+00,   1.56299425e+01,  -4.18278106e+00, 
              6.33689438e+00,   6.24824003e+00,  -6.77944931e+00,   2.62263714e+00,  -6.83866736e+00, 
              3.02664677e+00,  -2.84088792e+00,  -6.82171723e+00,   1.19262897e+01,   5.83178316e+00, 
              3.01488069e+00,  -7.55138191e+00,  -9.82831301e+00,  -5.41057345e+00,   1.12546226e+01, 
              7.22359739e+00,   5.45473293e+00,  -5.21371826e+00,  -1.66391815e+00,   1.69335323e+01, 
             -1.59740647e+01,  -5.03531708e+00,  -2.83439132e+00,   4.73776261e+00,  -1.40278112e+01, 
              1.53997329e+00,   8.77896897e+00,   3.81964575e+00,  -8.59225476e-01,  -4.21419271e+00, 
              2.34420715e+00,  -8.47761198e+00,  -4.19883808e+00,   1.65043627e+00,   4.84129766e+00, 
              1.60640861e+01,   3.00192486e+00,   1.11137119e+01,  -5.73044761e+00,   1.92196158e+01, 
             -9.94164702e+00,  -7.18437370e+00,  -1.41924020e+01,  -4.06954905e+00,   2.79522721e+00, 
              6.86124264e+00,   6.81390718e+00,  -3.63525876e+00,   8.33342117e+00,   2.40573632e+00, 
              1.85573003e+00,  -1.82376200e+00,  -8.28474534e+00,   1.28606996e+00,  -6.23369699e+00, 
              7.26653802e+00,   7.57075875e-01,  -1.58856693e+01,  -1.12101377e+00,  -7.62371352e+00, 
              2.46865601e+00,  -7.55889714e+00,   6.93904921e+00,   1.64869837e+01,  -4.66920579e+00, 
              1.57926950e+00,  -7.72349935e+00,  -5.17223961e-01,  -9.88049844e+00,  -1.32461744e+00, 
              8.25089347e+00,  -6.77531865e+00,   3.09892768e+00,   7.56172215e+00,  -9.76557496e+00, 
              9.75857872e+00,   1.19768351e+01,   8.72773597e+00,  -7.94234809e-01,  -3.96484817e+00, 
             -3.82034043e+00,   8.81198448e+00,  -5.71448959e+00,   1.11620101e+00,  -2.00100022e+00, 
              4.53230559e+00,  -1.21108082e+00,   5.39122242e+00,  -4.62846292e+00,  -9.93555597e+00, 
              4.53177872e-01,  -1.72972716e+00,  -4.46436933e+00,   8.21151203e+00,   3.22852885e+00, 
             -7.16449550e+00,  -8.88079938e-01,   6.00297915e+00,  -1.28437677e+01,  -1.14275556e+01, 
             -4.52757419e+00,   7.01373431e+00,  -1.37362562e+01,   7.43292444e-01,  -6.96581128e+00, 
             -4.91563853e-01,  -1.63834024e+00,   1.09884753e+01,  -5.36065727e+00,   1.05917584e+00, 
              1.01199517e+01,   1.76035339e+00,  -3.11468662e+00,   1.03620133e+01,   3.50019259e+00, 
              2.06471526e+00,  -4.04861024e+00,  -2.30179053e+00,  -3.95184148e+00,   5.82354018e+00, 
              7.45542378e+00,  -4.72823346e+00,  -1.75973025e+00,  -6.23051649e+00,  -5.42884935e+00, 
             -3.27911094e+00,   7.88263710e-02,  -2.14038838e+00,  -4.29177430e+00,   4.90288872e+00, 
             -5.62732232e+00,   1.87607810e+00,   2.71244735e+00,  -4.36408532e+00,   7.55048653e+00, 
             -3.86760026e+00,  -5.70526851e+00,  -5.96083549e+00,   1.24386343e+01,   2.37577950e+00, 
             -2.37686828e+00,   5.24883885e+00,   4.50791049e-02,  -8.38124902e-01,  -1.28149169e-01, 
              3.20567596e+00,   2.38478735e+00,  -8.19051343e-01,   9.08610105e-01,   6.89105423e-01, 
              7.61413080e-01,  -3.60111201e+00,  -9.64524430e-02,   9.91876645e-01,   2.47311532e+00, 
             -2.68540332e+00,   5.46134216e-01,  -1.14183521e+00,  -2.02162711e-01,   3.05632101e+00, 
              4.40981149e-01,  -2.85805045e-01,   3.11657105e+00,  -8.44451309e-01,   1.48112086e+00, 
              2.59953064e-01,  -3.06093013e+00,  -2.65088293e+00,   5.31238256e+00,   7.58168637e-01, 
             -1.98506948e+00,  -2.21094026e+00,  -2.22289860e+00,  -1.09581801e+00,   1.44027792e+00, 
             -3.03139746e+00,  -3.15286873e-01,   4.95040399e-01,   7.95777857e-01,  -2.51745483e+00, 
              2.69898782e+00,   4.66043442e-01,  -2.73798200e+00,   9.16353447e-01,  -1.24708545e+00, 
             -4.22024700e+00,  -2.12783946e+00,   5.41986703e-01,   3.41992648e-01,  -1.78856816e+00, 
             -3.16564429e+00,   1.64896456e+00,  -3.78430094e+00,   1.85937917e+00,   4.07246979e-01, 
             -2.36017551e+00,  -3.70297134e-01,   5.57455333e-01,  -2.90830554e+00,  -1.60351574e+00, 
              6.11041399e-01,   9.08989174e-01,   9.76595401e-01,   3.77463678e+00 ]
         </p>
         <m shape='(152)'>
          [   4.91843353e+04,   4.91843353e+04,   4.91843353e+04,   4.91843353e+04,   2.91651223e+04, 
              2.91651223e+04,   2.91651223e+04,   2.91651223e+04,   2.91651223e+04,   2.91651223e+04, 
              2.91651223e+04,   2.91651223e+04,   2.91651223e+04,   2.91651223e+04,   2.91651223e+04, 
              2.91651223e+04,   2.91651223e+04,   2.91651223e+04,   2.91651223e+04,   2.91651223e+04, 
              2.91651223e+04,   2.91651223e+04,   2.91651223e+04,   2.91651223e+04,   2.18941669e+04, 
              2.18941669e+04,   2.18941669e+04,   2.18941669e+04,   2.18941669e+04,   2.18941669e+04, 
              2.18941669e+04,   2.18941669e+04,   2.18941669e+04,   2.18941669e+04,   2.18941669e+04, 
              2.18941669e+04,   2.18941669e+04,   2.18941669e+04,   2.18941669e+04,   2.18941669e+04, 
              2.18941669e+04,   2.18941669e+04,   2.18941669e+04,   2.18941669e+04,   2.18941669e+04, 
              2.18941669e+04,   2.18941669e+04,   2.18941669e+04,   2.18941669e+04,   2.18941669e+04, 
              2.18941669e+04,   2.18941669e+04,   2.18941669e+04,   2.18941669e+04,   2.18941669e+04, 
              2.18941669e+04,   1.83736223e+03,   1.83736223e+03,   1.83736223e+03,   1.83736223e+03, 
              1.83736223e+03,   1.83736223e+03,   1.83736223e+03,   1.83736223e+03,   1.83736223e+03, 
              1.83736223e+03,   1.83736223e+03,   1.83736223e+03,   1.83736223e+03,   1.83736223e+03, 
              1.83736223e+03,   1.83736223e+03,   1.83736223e+03,   1.83736223e+03,   1.83736223e+03, 
              1.83736223e+03,   4.91843353e+04,   4.91843353e+04,   4.91843353e+04,   4.91843353e+04, 
              2.91651223e+04,   2.91651223e+04,   2.91651223e+04,   2.91651223e+04,   2.91651223e+04, 
              2.91651223e+04,   2.91651223e+04,   2.91651223e+04,   2.91651223e+04,   2.91651223e+04, 
              2.91651223e+04,   2.91651223e+04,   2.91651223e+04,   2.91651223e+04,   2.91651223e+04, 
              2.91651223e+04,   2.91651223e+04,   2.91651223e+04,   2.91651223e+04,   2.91651223e+04, 
              2.18941669e+04,   2.18941669e+04,   2.18941669e+04,   2.18941669e+04,   2.18941669e+04, 
              2.18941669e+04,   2.18941669e+04,   2.18941669e+04,   2.18941669e+04,   2.18941669e+04, 
              2.18941669e+04,   2.18941669e+04,   2.18941669e+04,   2.18941669e+04,   2.18941669e+04, 
              2.18941669e+04,   2.18941669e+04,   2.18941669e+04,   2.18941669e+04,   2.18941669e+04, 
              2.18941669e+04,   2.18941669e+04,   2.18941669e+04,   2.18941669e+04,   2.18941669e+04, 
              2.18941669e+04,   2.18941669e+04,   2.18941669e+04,   2.18941669e+04,   2.18941669e+04, 
              2.18941669e+04,   2.18941669e+04,   1.83736223e+03,   1.83736223e+03,   1.83736223e+03, 
              1.83736223e+03,   1.83736223e+03,   1.83736223e+03,   1.83736223e+03,   1.83736223e+03, 
              1.83736223e+03,   1.83736223e+03,   1.83736223e+03,   1.83736223e+03,   1.83736223e+03, 
              1.83736223e+03,   1.83736223e+03,   1.83736223e+03,   1.83736223e+03,   1.83736223e+03, 
              1.83736223e+03,   1.83736223e+03 ]
         </m>
         <names shape='(152)'>
          [ Al, Al, Al, Al, O, 
            O, O, O, O, O, 
            O, O, O, O, O, 
            O, O, O, O, O, 
            O, O, O, O, C, 
            C, C, C, C, C, 
            C, C, C, C, C, 
            C, C, C, C, C, 
            C, C, C, C, C, 
            C, C, C, C, C, 
            C, C, C, C, C, 
            C, H, H, H, H, 
            H, H, H, H, H, 
            H, H, H, H, H, 
            H, H, H, H, H, 
            H, Al, Al, Al, Al, 
            O, O, O, O, O, 
            O, O, O, O, O, 
            O, O, O, O, O, 
            O, O, O, O, O, 
            C, C, C, C, C, 
            C, C, C, C, C, 
            C, C, C, C, C, 
            C, C, C, C, C, 
            C, C, C, C, C, 
            C, C, C, C, C, 
            C, C, H, H, H, 
            H, H, H, H, H, 
            H, H, H, H, H, 
            H, H, H, H, H, 
            H, H ]
         </names>
      </beads>
      <forces>
         <force forcefield='yaff'>
         </force>
      </forces>
      <ensemble>
         <stress shape='(3, 3)'>
          [   3.39882738e-06,   0.00000000e+00,   0.00000000e+00,   0.00000000e+00,   3.39882738e-06, 
              0.00000000e+00,   0.00000000e+00,   0.00000000e+00,   3.39882738e-06 ]
         </stress>
         <temperature>  9.50044560e-04</temperature>
         <eens>  3.01912481e-03</eens>
         <time>  1.16789379e+03</time>
         <hamiltonian_weights shape='(1)'> [   1.00000000e+00 ] </hamiltonian_weights>
      </ensemble>
   </system>
</simulation>
